F1,F2,F3,F4,F5,F6,F7,F8,F9,F10,F11,F12,F13,F14,F15,F16,F17,F18,F19,F20,F21,F22,F23,F24,F25,F26,F27,F28,F29,F30,F31,F32,F33,F34,F35,F36,F37,F38,F39,F40,F41,F42,F43,F44,F45,F46,F47,F48,F49,CLASS1,0,0,0,1,0,1,0,1,0,1,0,0,0,1,1,0,1,1,0,0,1,1,0,0,0,1,1,1,1,0,0,1,0,1,1,0,0,0,0,0,1,0,0,0,0,1,1,0,00,1,0,0,0,1,0,1,0,1,1,0,0,0,0,1,0,1,0,0,0,0,0,0,0,1,1,1,0,0,0,1,1,0,1,0,1,0,1,1,0,0,1,1,0,1,1,1,0,10,1,0,1,1,1,0,0,0,0,0,0,1,0,0,0,0,0,0,0,1,0,0,0,1,1,1,0,1,0,0,0,0,0,0,1,1,1,0,0,0,0,1,1,1,1,0,0,1,20,0,1,1,0,1,0,1,0,0,0,1,0,1,1,1,1,1,0,0,1,0,0,1,1,1,1,0,1,1,1,0,1,1,0,1,1,1,0,0,0,1,0,1,1,0,1,1,0,31,0,0,0,1,0,0,1,0,0,0,0,0,0,1,0,0,0,0,0,0,1,0,0,1,0,1,0,1,1,1,0,0,1,0,0,0,0,1,1,1,1,1,1,0,1,0,1,0,41,0,0,1,1,1,1,1,0,0,0,0,0,1,1,0,0,0,0,0,0,1,1,0,1,1,0,0,1,1,1,0,0,1,0,0,0,1,0,0,1,0,0,1,0,1,1,1,0,50,0,1,1,0,1,0,1,1,0,0,0,1,1,1,0,0,0,0,0,0,1,0,0,0,1,1,0,1,0,0,0,0,0,1,1,1,1,1,1,0,0,0,1,1,0,1,1,0,61,1,0,1,1,0,1,1,0,1,0,0,1,0,0,0,1,0,1,0,0,0,0,1,0,0,0,0,1,1,1,0,1,0,0,0,0,1,0,0,1,1,0,0,1,0,0,0,0,70,1,1,1,1,1,1,1,0,1,0,1,0,0,0,0,0,1,0,0,1,1,1,1,1,1,1,0,1,0,0,1,0,1,1,1,0,0,0,0,0,1,0,1,1,0,1,0,0,80,1,1,1,1,1,1,0,0,0,1,0,0,1,1,0,0,0,0,0,1,1,1,1,1,1,1,1,1,0,1,0,0,1,1,1,1,0,0,0,0,0,1,1,1,1,1,1,0,90,0,1,0,1,1,1,0,1,0,0,0,1,1,1,0,0,0,0,0,1,1,0,1,0,0,0,1,1,1,0,1,0,0,0,1,1,0,0,1,1,0,1,0,0,1,0,1,0,00,1,0,0,0,1,0,1,0,0,1,0,0,0,0,1,0,1,0,0,0,0,1,0,1,1,1,1,0,0,1,0,1,0,1,0,0,0,1,1,0,1,1,1,1,1,0,1,0,10,0,0,1,1,0,1,0,1,0,0,1,0,1,1,1,0,1,0,0,0,1,1,1,0,0,1,0,1,0,0,1,0,0,0,1,0,1,0,1,1,0,0,1,0,1,1,1,1,21,1,1,1,1,1,1,1,0,0,0,0,0,0,0,1,0,0,1,0,1,0,1,1,1,1,1,0,1,0,0,0,0,0,1,0,0,0,1,1,1,0,0,1,0,0,0,1,0,30,1,0,1,0,0,1,1,0,0,1,0,1,0,1,0,0,1,0,1,0,0,0,0,0,1,0,1,0,1,0,1,1,1,1,0,1,0,1,0,1,1,1,1,0,0,0,1,0,41,1,0,0,1,1,0,1,0,0,0,0,0,0,1,1,0,0,0,0,0,0,1,1,1,1,1,0,0,1,0,1,0,0,1,0,1,0,0,0,0,1,0,1,1,0,1,0,0,50,1,1,0,1,0,0,1,0,1,0,1,1,1,1,0,0,0,0,0,0,1,1,1,0,0,0,0,1,0,1,1,1,0,0,1,0,0,1,0,0,1,1,1,0,1,1,1,0,61,1,1,0,1,1,1,1,1,0,0,0,0,0,0,0,1,0,1,0,1,0,0,1,1,0,0,0,1,0,1,0,0,1,1,1,0,1,0,0,1,1,1,0,1,0,0,1,0,71,1,1,1,0,1,0,1,0,0,0,0,0,1,0,0,1,0,0,1,0,0,0,1,1,1,0,0,1,0,1,0,1,0,1,0,0,0,0,1,1,1,0,1,1,1,1,1,0,80,1,1,1,1,0,0,1,1,1,0,1,0,1,0,0,0,1,0,0,1,0,1,1,1,1,1,1,1,0,0,0,0,0,1,0,1,0,1,1,1,1,1,1,1,0,1,1,0,90,0,0,1,1,0,0,0,0,0,1,1,1,0,0,0,0,1,0,0,1,1,0,1,0,0,0,0,1,1,0,1,0,0,0,1,1,1,0,0,0,1,1,0,1,1,1,0,0,01,0,0,0,0,0,1,1,0,0,1,1,0,0,1,1,0,0,0,0,0,0,0,0,1,1,0,0,0,1,1,0,1,0,0,1,0,0,1,0,0,0,0,1,1,0,0,0,0,11,1,1,1,0,1,0,1,0,0,0,1,0,1,0,0,0,1,0,1,1,1,0,0,1,1,1,0,0,1,0,0,0,0,0,1,0,0,0,0,0,0,1,0,0,1,1,1,1,20,0,1,0,1,1,0,1,0,1,0,0,1,1,1,0,0,0,0,1,0,0,1,0,1,1,0,0,0,0,0,0,0,1,1,0,0,0,1,0,0,0,0,1,1,0,1,0,0,31,0,1,0,0,0,0,1,0,0,1,0,0,0,0,1,1,0,1,0,0,0,0,0,0,0,0,1,1,1,0,1,1,1,0,1,0,1,0,0,1,0,0,0,0,0,1,1,0,41,0,0,1,1,1,1,1,0,0,0,1,0,1,1,0,1,0,0,1,0,1,1,0,1,1,0,1,0,0,1,0,0,0,1,1,1,0,1,1,0,1,0,1,0,0,1,1,0,50,0,0,1,1,1,0,1,0,0,1,0,0,1,0,1,0,1,1,0,0,1,1,1,1,1,1,1,1,1,0,1,0,1,0,1,0,0,1,1,0,1,0,1,1,1,1,1,0,60,1,1,1,1,0,1,1,0,0,1,0,1,0,0,1,0,0,1,0,0,0,0,0,1,1,0,0,0,1,1,1,0,1,1,0,1,1,0,1,0,1,1,0,1,0,0,0,0,70,1,1,0,1,1,1,0,1,0,0,0,0,1,1,1,1,0,0,0,0,0,1,0,1,1,0,1,1,0,0,0,0,0,1,1,0,0,0,0,0,0,0,1,0,1,0,1,0,80,1,1,0,1,0,0,0,0,0,0,0,0,1,0,0,0,0,0,1,1,1,1,1,0,0,1,0,0,0,0,0,1,0,0,0,1,0,0,1,0,1,1,0,0,1,0,0,0,91,0,0,1,0,0,0,0,1,1,0,0,1,0,1,1,0,0,0,0,1,0,0,0,0,1,0,1,0,0,1,0,0,0,1,1,1,0,1,0,0,1,0,0,1,0,1,0,0,01,1,0,1,0,0,1,0,1,0,0,0,0,0,0,0,0,1,1,1,1,0,1,1,0,0,0,0,1,0,0,0,0,0,0,0,0,0,1,1,0,0,1,1,1,1,1,1,0,10,0,0,1,1,0,0,0,1,0,0,0,0,1,0,1,0,0,0,0,0,1,1,0,1,1,0,1,1,0,1,0,0,0,1,1,1,0,0,0,0,0,1,0,1,1,1,1,1,21,0,1,0,1,1,1,1,1,0,0,0,0,1,0,1,1,0,0,1,0,0,0,1,1,1,1,1,0,0,0,0,0,0,1,1,0,1,0,0,0,1,1,1,1,1,1,0,0,30,0,0,0,1,1,0,1,1,0,1,0,0,0,0,0,0,0,1,1,0,1,0,0,0,0,0,1,1,1,1,1,1,1,0,0,1,1,0,0,1,1,0,0,0,0,0,1,0,41,0,0,1,0,0,1,0,0,0,1,1,0,0,0,0,0,1,0,0,0,0,0,0,1,1,1,0,0,0,1,1,1,0,1,0,1,0,0,0,0,1,0,0,1,1,1,1,0,50,1,1,1,1,1,0,1,0,0,1,1,0,1,0,0,0,1,0,0,0,1,1,1,1,1,1,0,1,0,1,0,0,0,1,0,1,0,1,0,0,0,0,1,1,1,0,0,0,61,1,1,1,1,0,0,1,1,0,1,0,0,0,0,1,1,0,0,1,1,0,0,0,1,0,0,0,0,1,1,0,0,0,0,0,1,1,1,0,0,0,1,1,0,0,1,1,0,71,1,0,0,1,1,1,0,1,1,0,1,1,0,1,0,0,1,0,0,1,0,1,1,0,1,1,1,0,1,0,0,0,0,1,1,0,0,1,1,0,0,1,1,0,0,1,1,0,80,1,0,1,1,1,0,1,0,1,0,1,0,1,1,0,1,1,1,0,0,0,1,0,0,1,1,1,1,0,0,0,1,0,0,1,1,1,0,1,0,1,0,1,0,1,1,1,0,90,0,0,1,0,0,0,0,0,0,1,0,1,0,0,0,0,1,0,0,1,1,0,1,0,1,1,1,0,0,0,0,1,0,1,0,0,1,0,1,1,0,0,0,0,1,1,0,0,00,1,1,1,0,0,1,1,1,1,1,1,0,0,0,0,1,0,1,1,0,1,1,1,1,0,0,0,0,1,0,1,0,0,1,0,0,0,1,0,1,0,0,0,0,1,0,1,0,11,1,1,1,1,1,0,0,0,1,0,0,0,1,0,0,1,0,0,0,1,0,1,1,0,1,1,0,1,0,0,0,1,0,0,0,1,1,0,0,1,0,1,1,1,0,1,1,1,20,1,1,0,0,0,1,0,0,0,0,0,0,1,1,1,1,1,0,1,1,0,1,1,1,1,1,0,0,1,1,0,0,1,1,0,0,0,0,0,0,1,1,1,0,1,1,1,0,31,0,1,0,0,0,1,1,0,1,0,0,1,0,1,1,0,0,0,1,0,1,0,0,0,1,1,0,1,1,1,1,1,0,1,1,0,0,1,0,0,0,0,0,0,0,0,1,0,40,1,1,1,1,1,0,1,0,0,1,1,1,1,1,0,1,1,1,0,1,1,1,1,0,1,1,0,0,0,0,0,1,1,1,1,0,0,0,0,0,1,0,1,1,1,1,1,0,50,1,1,1,1,0,1,0,0,0,1,0,0,1,1,1,0,1,0,0,0,0,1,0,1,1,1,0,1,0,0,0,0,0,1,1,0,0,0,1,0,1,1,0,1,1,1,1,0,60,1,1,1,1,1,1,1,0,1,0,0,0,0,0,1,0,1,0,1,0,0,0,0,1,1,1,0,0,0,0,1,0,1,0,0,0,1,0,0,0,0,0,0,1,0,0,0,0,71,0,0,0,0,1,0,1,1,0,0,1,0,1,1,0,0,0,1,1,1,0,1,0,1,0,1,0,0,0,0,0,1,1,0,0,1,1,0,1,0,1,0,0,0,1,0,1,0,80,1,1,1,1,1,0,1,1,0,0,1,0,0,0,0,0,1,1,0,1,1,0,1,0,0,0,1,0,0,1,0,0,0,1,0,0,1,1,0,1,1,1,0,1,1,1,1,0,90,0,0,1,0,1,0,0,0,1,0,0,0,0,1,0,0,0,1,1,0,1,0,0,0,0,1,0,1,1,0,0,0,0,1,0,1,0,0,0,1,1,0,0,0,0,1,0,0,00,1,0,0,1,0,0,1,1,1,1,0,0,1,1,1,1,1,0,1,1,0,1,0,0,0,1,1,0,0,1,1,0,0,1,1,0,1,0,0,0,0,0,1,1,1,1,1,0,11,1,0,1,1,0,1,0,0,0,1,0,1,0,0,0,0,0,0,1,1,0,0,0,0,1,1,0,1,1,0,0,0,0,0,0,0,1,0,1,1,0,1,0,0,1,1,1,1,20,1,1,1,0,0,1,1,0,1,0,1,1,1,0,0,0,0,0,0,1,0,1,0,1,1,1,1,0,1,1,0,1,1,1,1,1,1,1,0,1,0,0,1,1,1,1,1,0,31,0,0,0,1,0,0,1,0,0,0,1,0,0,1,1,1,1,0,1,1,1,1,0,1,0,1,1,1,1,0,0,1,1,0,1,0,0,0,0,0,0,0,0,0,0,0,1,0,41,1,1,1,1,1,1,1,0,0,0,0,0,0,1,1,1,0,1,0,1,1,1,1,0,1,0,1,0,0,1,0,0,1,1,1,0,0,0,0,1,0,0,0,1,0,0,1,0,50,0,1,1,0,1,0,1,0,1,0,0,0,1,1,0,1,0,0,0,1,1,1,1,1,1,1,0,0,1,1,1,1,0,1,1,0,1,1,0,0,1,0,1,1,1,1,1,0,60,1,1,0,0,0,1,1,0,0,0,1,0,1,1,0,0,0,0,1,0,0,0,0,1,0,0,0,0,1,1,1,0,0,1,0,0,1,1,0,0,0,1,1,0,0,0,0,0,70,0,0,1,1,1,1,0,0,0,1,0,1,0,1,1,0,0,0,0,1,1,0,0,1,0,1,0,0,1,1,0,0,0,0,0,1,0,0,0,1,1,1,0,1,1,1,0,0,80,0,0,1,1,0,0,1,0,0,0,0,0,0,0,0,0,0,0,0,1,1,1,1,0,1,0,1,0,0,1,1,0,1,1,1,0,1,0,0,1,1,0,1,1,1,1,1,0,90,1,1,1,0,1,0,0,1,1,1,0,0,0,1,0,0,1,0,0,1,1,1,0,0,0,0,1,1,1,0,1,1,0,1,0,1,0,1,1,0,0,0,0,1,1,1,0,0,00,1,1,1,1,0,0,1,0,1,0,0,0,1,0,0,0,0,0,1,1,0,1,1,1,1,0,1,1,0,0,1,0,1,0,0,0,1,1,0,1,0,0,0,1,1,1,1,0,10,0,1,1,1,1,1,0,1,1,0,0,1,0,0,1,0,0,1,0,1,0,1,0,1,0,0,0,1,1,0,0,1,0,0,1,1,0,1,1,0,0,1,1,1,1,1,1,1,20,0,0,1,1,0,0,0,0,0,0,0,0,1,0,0,0,1,1,0,0,1,1,1,0,0,1,1,0,0,0,0,0,1,0,0,0,0,0,1,0,1,0,1,1,1,0,0,0,30,0,0,1,0,1,1,1,1,0,0,0,0,0,1,1,0,1,1,1,0,1,0,0,1,0,1,0,1,1,1,1,1,0,1,1,0,1,0,1,1,0,1,0,0,0,1,1,0,40,0,1,1,1,0,1,1,1,0,0,1,0,0,0,0,0,0,0,0,0,1,1,1,1,1,0,1,1,0,1,1,0,0,0,1,0,0,1,0,1,0,0,0,1,1,1,1,0,50,0,1,0,1,1,0,1,1,1,0,0,1,1,1,0,1,1,1,1,0,1,0,1,1,1,0,1,1,1,0,0,1,0,1,0,1,0,1,1,1,0,0,1,0,1,0,1,0,60,1,1,1,1,1,1,1,1,0,1,1,1,0,0,0,0,0,1,0,0,1,1,1,1,1,0,0,0,0,1,0,0,0,0,0,0,0,1,1,1,1,0,0,1,0,1,0,0,71,0,1,1,1,1,0,1,1,0,0,0,0,1,0,0,0,0,0,1,1,0,1,0,1,0,0,0,0,0,0,1,0,1,1,1,0,0,1,1,1,0,1,1,1,1,1,0,0,80,0,0,0,1,1,0,1,1,1,0,0,0,1,0,1,1,0,0,0,0,1,1,1,1,1,1,1,0,0,0,1,1,1,0,1,0,0,0,0,0,1,1,0,1,1,1,1,0,90,1,1,0,1,0,0,0,0,0,1,0,1,0,1,0,1,0,0,1,1,1,1,1,1,0,0,1,1,0,0,0,0,1,1,0,1,0,0,0,0,0,0,0,1,1,1,0,0,01,0,1,1,1,0,0,0,0,1,1,1,0,1,1,1,0,0,0,0,0,0,1,0,0,0,0,1,1,0,0,1,0,0,0,1,0,0,1,0,0,0,1,1,0,0,1,1,0,10,0,1,1,1,1,1,1,0,1,0,0,0,1,0,0,0,1,1,0,1,1,1,1,1,1,1,0,1,1,0,1,0,0,0,1,0,0,0,0,0,0,1,1,1,1,1,1,1,20,1,1,0,1,1,1,1,1,0,0,0,1,1,0,0,0,0,1,1,0,0,1,0,1,1,0,0,0,1,0,0,0,1,0,1,0,0,0,0,1,0,0,0,0,1,1,1,0,30,0,0,1,0,0,0,1,1,1,0,0,1,0,1,1,0,0,1,0,0,1,0,1,1,0,1,0,1,1,1,1,1,1,1,0,1,1,0,0,0,0,0,0,0,0,0,1,0,41,1,1,1,1,1,0,1,0,1,0,0,0,0,0,1,0,0,0,0,0,1,1,1,0,1,1,0,0,1,1,0,0,1,1,0,1,1,0,0,1,1,0,1,1,1,1,1,0,51,1,1,0,1,1,1,1,1,0,0,0,0,0,0,0,0,0,1,0,0,1,1,1,1,1,1,0,1,0,0,1,0,1,1,0,1,0,0,0,1,1,1,0,1,1,1,0,0,61,1,0,1,1,1,0,1,0,0,0,0,0,0,0,0,0,1,0,0,1,0,0,0,0,1,0,0,0,1,1,0,1,0,0,0,1,1,0,1,0,0,0,0,0,0,0,0,0,71,1,0,1,0,1,0,0,0,0,0,0,0,1,1,0,0,0,0,0,0,0,1,0,1,0,1,1,1,0,0,0,1,1,0,0,1,1,1,0,0,0,0,1,1,1,1,0,0,81,1,1,1,1,0,1,1,0,1,0,0,0,1,1,0,1,0,0,0,0,1,1,0,1,1,0,0,0,0,1,0,0,0,0,0,0,0,0,0,0,0,0,1,0,1,1,1,0,90,1,1,0,1,1,1,1,1,1,0,0,0,0,1,1,1,1,0,1,1,1,0,0,0,1,0,1,1,0,1,0,0,0,0,0,0,1,0,0,0,1,0,1,1,1,0,0,0,01,0,0,1,0,0,0,0,1,1,0,1,0,0,0,1,0,1,0,1,0,0,1,1,1,1,1,0,1,0,1,1,0,0,1,0,0,0,1,1,0,0,0,1,0,1,1,0,0,10,1,1,1,1,1,1,1,0,1,0,0,1,0,0,1,0,0,1,0,1,0,1,1,1,1,1,1,1,0,0,1,0,0,0,1,0,0,0,0,0,0,1,1,1,1,0,0,1,20,0,1,1,0,1,1,0,0,0,0,0,0,1,0,0,0,0,0,0,0,1,1,1,0,0,1,0,1,0,0,0,0,1,1,1,1,0,1,0,1,1,0,1,1,1,1,0,0,31,1,0,0,0,0,0,1,1,1,0,0,1,1,1,0,1,0,0,0,0,1,0,0,1,1,0,1,1,1,1,0,1,1,1,1,0,1,1,0,0,1,0,0,0,0,0,1,0,41,1,0,1,0,0,0,1,1,0,0,1,0,0,1,0,0,0,1,0,0,0,1,0,0,0,1,0,0,0,0,1,1,0,0,1,0,1,0,0,0,0,1,1,0,1,1,1,0,51,0,1,0,0,1,0,0,1,0,0,0,0,0,1,0,0,1,1,0,0,0,1,1,0,0,1,1,1,0,0,0,1,0,1,1,0,0,1,0,0,1,1,1,1,1,1,1,0,60,0,1,1,1,1,1,0,0,0,0,0,1,0,1,0,1,0,1,1,1,0,1,0,1,1,0,0,1,0,0,0,0,0,1,1,0,1,0,1,0,0,0,0,1,0,0,0,0,70,1,1,0,1,0,0,1,0,0,1,1,0,1,0,0,0,0,0,0,1,0,1,1,0,1,0,0,1,0,1,0,0,1,0,1,0,0,1,1,0,0,0,1,1,0,1,0,0,80,0,0,0,1,1,1,1,0,0,0,0,1,1,1,0,1,0,1,1,0,1,0,1,0,1,1,1,1,0,0,0,0,1,0,0,0,1,1,0,0,0,0,1,1,1,1,0,0,90,0,1,1,1,1,0,1,1,0,0,1,1,1,1,0,1,1,1,1,1,0,0,0,0,1,0,1,0,0,0,0,0,0,0,0,1,0,0,1,1,0,0,1,1,1,1,1,0,00,1,1,1,1,0,0,0,0,1,1,0,1,0,0,1,0,0,1,0,0,0,1,0,0,0,0,1,1,0,0,1,0,1,0,0,0,0,1,0,1,1,0,1,1,1,0,1,0,10,1,1,1,1,1,0,1,1,0,0,0,0,0,1,1,0,0,1,1,0,0,1,1,0,1,1,0,1,1,0,0,0,1,0,1,0,0,1,0,1,0,1,1,1,1,1,0,1,21,1,0,1,1,0,0,0,0,0,1,0,0,1,0,1,1,1,0,1,1,1,1,1,0,1,0,1,0,1,0,0,0,0,1,1,1,1,1,1,0,1,0,1,0,1,1,1,0,31,0,0,0,1,1,0,1,0,0,0,1,0,0,1,1,1,0,0,1,0,1,1,0,1,0,1,1,1,0,0,0,1,1,0,0,1,1,0,0,1,0,0,0,1,0,0,1,0,41,1,1,1,0,1,1,0,1,0,0,1,1,0,1,1,0,1,0,0,1,1,1,1,0,1,1,0,0,0,0,0,1,0,0,1,1,0,0,0,0,1,1,1,1,0,0,1,0,50,0,1,0,1,1,0,1,1,0,1,0,1,1,0,0,0,0,0,0,0,1,1,1,0,0,1,1,1,0,0,1,0,0,0,1,1,0,0,1,0,0,0,0,1,1,0,1,0,60,0,1,1,0,1,0,1,0,1,0,0,1,0,0,0,0,0,0,1,0,0,1,0,1,0,0,1,0,0,1,1,0,1,0,0,0,1,0,0,1,0,0,0,0,1,1,0,0,70,1,0,1,1,1,0,1,1,0,0,0,1,0,0,0,0,1,0,0,1,0,0,0,1,1,1,0,1,1,1,0,0,0,1,1,0,0,0,0,0,0,1,0,1,0,1,0,0,81,1,1,1,0,1,0,1,1,1,0,0,0,0,0,0,1,0,0,1,1,0,0,1,0,1,1,0,0,0,0,0,1,0,1,1,0,0,1,1,1,1,1,1,0,1,0,0,0,90,0,1,1,1,0,0,0,0,0,0,0,1,1,1,1,0,1,1,0,1,1,0,0,0,1,1,1,0,0,1,0,0,1,0,0,1,1,0,0,1,1,0,0,0,1,1,0,0,01,0,0,0,0,0,1,0,0,1,1,0,0,0,0,0,0,1,0,1,0,0,1,0,1,1,0,0,0,0,0,1,0,0,0,0,0,0,1,0,0,0,0,0,0,1,1,0,0,10,0,1,1,1,0,0,1,0,1,0,0,0,1,0,1,0,0,0,0,0,0,1,1,1,1,0,0,1,1,1,0,0,0,0,1,0,0,0,0,0,1,1,1,1,1,0,1,1,20,1,1,1,0,1,0,1,1,0,1,0,0,0,0,0,0,0,1,0,0,0,1,1,0,1,1,0,0,0,0,1,0,0,1,1,0,0,0,0,0,1,1,1,1,1,0,1,0,31,0,0,1,0,1,1,0,0,0,0,0,0,1,1,1,0,0,0,1,0,1,0,0,1,0,1,0,1,1,0,1,0,0,1,0,1,0,0,0,1,0,0,0,0,1,0,1,0,41,0,1,1,0,1,0,0,0,0,0,1,1,1,1,0,0,1,0,0,0,1,1,1,1,1,0,1,0,1,0,1,0,0,0,1,1,1,0,1,0,0,0,1,1,1,1,0,0,51,1,1,0,0,1,1,0,0,1,0,0,1,0,1,0,1,1,0,0,1,0,1,1,0,0,1,1,1,0,0,0,1,0,1,0,0,1,1,1,0,0,0,1,0,1,0,1,0,61,0,1,1,1,1,1,1,1,0,1,1,0,0,1,1,0,0,1,1,0,0,1,1,0,1,0,0,1,0,1,0,1,0,0,0,0,1,0,1,0,0,0,0,0,0,0,1,0,70,1,1,1,1,1,0,0,0,0,0,0,0,1,1,0,1,0,0,0,1,0,1,0,1,1,1,0,0,0,0,0,1,1,1,1,1,0,0,0,0,1,1,1,1,1,1,0,0,80,1,1,1,1,0,1,1,0,0,1,0,0,1,1,0,0,0,0,0,1,0,1,1,0,0,1,1,0,1,0,1,0,0,1,1,1,1,1,0,0,1,1,0,1,1,0,1,0,90,1,1,0,1,0,0,0,1,0,0,0,1,0,0,0,0,0,0,0,1,1,0,1,0,0,1,1,0,0,0,1,0,0,1,1,0,0,1,0,1,0,1,1,1,1,0,1,0,01,0,1,0,0,1,0,0,1,1,1,0,0,0,0,1,0,1,1,0,0,0,1,1,1,0,0,0,1,0,0,1,0,0,0,0,0,0,0,0,0,0,0,0,0,0,0,1,0,10,1,0,1,0,1,0,0,0,0,1,0,0,0,0,0,0,0,0,0,1,0,1,1,1,1,1,1,1,0,0,0,0,0,0,0,1,0,0,0,0,1,0,0,0,0,1,1,1,20,1,1,0,0,1,0,1,0,1,0,1,0,0,0,0,0,1,0,0,1,0,1,1,0,0,1,0,0,0,0,0,1,0,1,1,0,0,0,0,0,1,0,0,1,1,1,0,0,31,0,1,0,0,0,1,1,0,0,0,0,1,0,1,0,0,0,0,1,0,1,1,1,0,0,1,0,1,1,1,1,0,1,1,0,1,0,0,0,0,1,1,0,1,0,0,1,0,40,1,1,0,1,1,0,1,0,1,1,1,1,0,1,1,0,0,0,0,1,1,1,0,1,1,0,0,0,0,0,0,0,0,1,0,1,0,0,0,0,0,0,1,1,1,0,0,0,51,1,0,0,1,1,0,1,0,0,0,1,0,1,1,0,1,1,0,0,1,1,0,0,1,0,1,0,1,0,0,1,0,1,1,1,1,1,0,0,0,1,0,1,1,0,1,1,0,61,0,1,0,1,1,1,1,1,0,1,0,0,0,1,1,0,0,1,0,0,0,0,1,1,0,1,0,1,1,1,0,1,1,0,1,0,1,0,0,1,0,0,0,1,0,0,0,0,70,0,1,0,1,1,0,1,0,1,0,0,0,1,0,0,0,0,0,0,1,0,1,1,0,1,1,0,1,0,0,0,1,1,1,1,0,0,0,0,0,1,0,1,0,1,1,1,0,81,1,0,0,1,1,1,1,0,0,0,0,0,1,1,1,0,0,0,1,0,0,0,1,0,1,1,1,0,0,1,0,0,0,1,0,0,0,0,0,0,0,0,0,1,1,0,1,0,90,0,1,1,1,0,0,0,1,0,1,1,1,0,1,0,0,0,1,0,1,0,0,0,0,1,0,1,1,0,1,0,0,0,0,0,1,1,1,0,0,0,1,1,0,1,1,1,0,00,0,0,1,0,0,0,1,1,1,1,1,1,0,0,1,0,0,1,0,1,0,0,1,1,0,1,1,0,0,1,1,0,0,0,0,1,1,0,0,0,0,1,1,0,1,0,0,0,10,0,1,1,1,1,0,1,0,0,0,0,0,1,0,0,1,0,1,0,0,1,1,1,0,1,1,0,1,0,0,0,0,0,0,1,1,0,1,0,0,0,1,1,1,1,1,1,1,21,1,0,1,0,1,1,1,0,0,0,0,0,1,0,0,0,0,0,0,1,0,0,0,0,1,1,0,0,1,1,0,0,0,1,1,1,0,0,1,0,1,0,1,0,0,0,0,0,31,0,1,1,0,0,1,1,0,1,0,0,1,0,0,0,0,0,0,1,0,1,0,1,0,0,0,0,0,0,1,0,0,0,1,0,0,1,1,0,1,0,1,0,0,0,1,0,0,41,1,1,0,1,1,0,1,0,1,0,0,0,1,1,1,0,0,1,0,0,1,1,1,1,1,0,1,0,0,0,0,1,0,1,0,0,0,0,1,0,0,1,1,0,1,1,0,0,50,0,1,1,1,1,1,0,0,0,0,0,1,1,0,0,0,0,1,0,1,1,1,0,1,0,1,1,1,1,0,0,0,0,0,0,0,0,0,1,0,0,1,1,1,1,1,1,0,61,1,1,0,1,1,1,0,0,1,0,0,1,1,1,0,1,0,1,1,1,0,1,0,1,0,1,1,0,0,1,1,0,1,1,1,0,1,0,1,0,1,0,1,1,0,1,1,0,70,0,1,1,1,1,0,0,1,1,0,0,0,0,1,0,1,1,0,0,0,1,1,1,1,1,0,1,0,1,1,0,1,0,1,1,1,0,1,1,0,1,1,1,0,1,1,1,0,81,1,1,0,0,1,1,1,0,0,0,1,0,0,1,0,0,1,0,1,1,1,1,1,0,1,1,1,0,0,0,1,0,0,1,1,0,1,0,0,0,1,0,0,1,0,0,1,0,90,1,1,1,1,0,0,0,0,0,0,0,1,1,1,1,0,0,0,0,1,1,0,1,0,0,0,0,0,1,0,1,1,1,0,0,1,0,0,0,1,0,1,0,1,0,0,0,0,00,0,0,1,0,0,0,0,0,0,1,0,0,0,0,1,0,1,1,0,0,0,1,1,1,0,0,1,1,0,1,0,1,0,0,1,1,1,1,1,0,0,0,1,1,1,0,1,0,10,1,1,0,1,0,0,1,0,0,1,1,1,1,0,0,1,0,0,0,1,1,1,1,1,0,1,0,1,0,1,1,0,0,0,0,0,0,1,0,0,0,1,1,0,1,0,1,1,21,1,1,0,1,1,0,1,1,0,0,1,1,1,1,0,0,0,0,0,0,0,0,1,1,0,0,0,0,1,0,0,0,0,1,0,0,0,1,1,0,1,0,1,1,1,1,1,0,30,1,0,0,1,0,1,1,0,0,0,0,1,0,1,0,0,1,1,1,0,0,0,1,0,0,1,1,1,0,1,1,1,1,1,0,1,0,1,0,0,1,0,0,0,0,0,1,0,41,0,0,1,1,1,0,1,0,0,0,0,0,1,1,0,0,0,1,1,0,1,1,1,0,0,0,0,0,0,0,0,0,0,0,1,0,1,0,1,0,0,0,1,1,0,0,1,0,50,1,1,0,0,1,0,1,0,0,0,0,1,1,0,0,1,0,0,0,0,1,0,1,0,1,1,0,1,0,0,0,0,0,0,1,0,0,1,0,0,1,0,1,1,1,0,1,0,61,0,0,1,1,0,1,1,0,0,0,1,1,0,0,0,0,0,1,1,0,1,0,0,1,1,0,0,1,0,1,0,0,0,0,0,1,1,0,1,1,0,0,1,1,0,0,1,0,71,0,1,0,0,1,0,1,1,0,1,1,0,0,0,0,1,0,0,0,1,0,1,1,1,1,0,0,0,0,1,0,0,0,1,1,0,0,0,0,0,1,0,1,1,1,0,0,0,81,0,1,1,0,0,0,1,0,1,0,1,1,1,1,0,0,0,1,0,0,1,1,1,1,0,1,1,0,0,1,1,0,0,0,0,0,1,1,0,0,1,0,1,1,1,1,1,0,90,0,0,1,0,0,0,1,1,1,0,1,1,0,1,0,0,0,0,0,0,1,1,1,0,0,1,0,0,0,0,0,1,0,0,0,1,0,0,0,0,0,0,0,1,1,1,1,0,00,1,0,1,0,0,1,1,1,1,1,0,1,0,0,1,1,1,1,0,1,1,0,1,0,1,1,0,0,1,0,1,1,0,1,1,0,0,1,0,1,0,0,1,0,1,1,0,0,10,0,1,1,0,0,0,1,0,0,1,0,0,1,0,0,0,1,0,0,1,1,0,1,1,0,0,0,0,0,1,0,1,1,0,0,0,0,1,1,0,1,1,1,0,1,1,1,1,20,1,0,0,1,0,0,0,1,1,1,0,0,0,0,0,0,1,0,0,1,1,1,1,1,1,1,0,0,0,1,1,1,0,0,1,0,1,1,0,1,1,0,0,1,0,0,0,0,31,1,0,1,1,1,1,1,0,0,0,0,1,1,1,0,0,1,0,1,1,1,1,0,1,0,0,0,1,1,0,1,0,1,1,1,1,0,1,1,1,1,1,0,0,0,1,1,0,41,0,1,0,1,1,1,1,0,0,1,1,1,0,1,1,1,0,1,1,0,1,1,1,1,1,1,0,0,1,0,0,1,0,1,1,1,0,0,0,0,1,1,0,1,1,1,1,0,51,1,0,0,1,1,1,1,0,1,1,1,0,1,1,0,1,0,0,0,0,0,0,0,1,0,1,0,1,0,1,0,0,0,1,1,0,0,0,0,1,1,1,0,0,0,0,1,0,61,1,1,1,1,1,0,0,1,0,0,0,0,0,0,1,1,0,0,1,0,0,0,1,1,0,0,0,0,0,0,0,0,0,1,0,0,1,0,1,1,1,0,0,1,0,0,0,0,70,1,1,0,1,1,0,1,1,0,1,0,0,1,1,0,0,1,0,0,1,0,1,0,1,1,0,1,1,0,0,1,1,0,1,0,1,0,1,0,0,1,0,0,1,1,0,1,0,81,1,1,1,0,1,0,1,0,0,1,0,0,0,1,0,0,1,1,1,1,0,0,1,1,1,1,1,0,0,0,0,0,1,1,1,0,1,0,0,0,0,0,1,0,0,0,1,0,90,0,1,1,0,0,1,0,1,0,0,0,1,0,1,0,0,0,0,0,1,1,0,0,0,0,0,1,1,0,0,0,0,0,0,0,1,1,0,1,0,0,1,0,0,1,1,0,0,00,0,1,1,0,0,0,1,1,0,1,1,0,0,0,1,0,1,1,0,0,0,0,0,1,0,0,0,1,0,0,1,0,1,1,0,0,0,1,0,0,0,0,1,1,0,0,1,0,11,1,1,1,1,1,0,0,0,0,0,1,0,1,0,0,1,1,1,0,1,0,1,1,0,0,1,0,1,0,0,1,1,1,0,1,0,0,1,0,0,0,1,1,1,0,0,1,1,20,1,0,1,0,1,0,1,1,0,0,0,0,1,1,1,0,0,0,0,0,0,0,0,1,1,1,0,0,0,0,1,0,0,1,0,1,0,0,0,1,0,0,1,0,1,1,1,0,31,0,0,0,0,0,1,1,0,1,1,0,1,1,1,0,0,1,0,1,0,1,0,0,0,1,0,1,1,1,0,0,1,1,1,1,1,1,0,0,0,0,0,1,0,0,1,0,0,41,0,1,1,1,1,0,0,1,0,1,0,0,0,1,0,0,0,0,0,0,1,1,0,1,0,0,0,0,0,0,0,0,0,0,1,0,0,0,1,0,1,0,0,0,0,1,1,0,50,1,1,0,1,1,1,1,1,0,0,1,0,1,1,0,0,0,1,0,0,1,0,1,1,0,1,0,0,0,0,0,0,0,0,1,0,1,1,0,0,1,0,0,1,1,1,1,0,61,1,0,0,0,0,1,0,0,0,0,0,0,1,0,0,0,0,1,1,0,0,1,0,1,0,0,0,0,1,0,0,1,1,0,0,1,1,0,0,0,0,1,0,1,1,0,1,0,70,1,0,1,1,0,0,1,0,0,1,1,0,1,0,0,0,0,0,0,0,0,1,1,1,0,1,1,1,1,0,0,0,0,0,1,1,0,0,1,0,1,1,0,1,1,1,1,0,81,0,1,1,0,1,1,0,0,0,0,0,0,1,1,0,0,0,0,0,1,0,1,0,1,1,0,1,0,0,0,1,0,0,1,1,0,1,1,0,1,1,0,1,1,1,1,1,0,90,1,1,1,1,0,0,0,1,1,0,1,1,1,0,1,0,0,0,0,1,0,0,0,1,0,0,0,1,0,0,0,0,0,1,0,1,0,0,0,0,0,0,0,1,1,0,0,0,00,0,0,1,0,1,0,0,0,1,1,0,1,0,1,1,0,1,0,1,0,1,0,0,0,0,0,0,0,0,1,0,0,0,0,0,1,1,1,1,0,1,0,1,1,1,1,0,0,10,0,0,0,1,1,0,1,0,0,0,1,0,1,1,0,0,1,0,0,1,1,1,0,1,1,1,1,1,0,0,0,0,0,1,1,0,0,0,0,0,0,1,0,1,0,1,1,1,21,1,1,0,1,0,0,1,1,0,1,0,1,0,1,0,0,0,0,0,1,0,1,1,1,1,1,0,0,0,1,0,0,1,0,1,0,0,1,0,0,1,0,1,0,1,0,0,0,30,1,1,0,0,0,0,0,0,0,0,0,1,0,1,0,1,0,0,1,0,1,1,0,0,1,1,0,1,0,0,1,0,1,0,0,0,1,0,0,1,0,0,0,1,1,0,1,0,41,1,0,1,0,0,1,1,0,1,1,0,0,0,1,1,0,0,0,0,1,1,1,1,1,0,1,1,1,1,1,0,1,0,1,0,0,1,0,1,0,1,1,1,1,1,0,1,0,51,0,0,0,1,0,0,0,0,1,0,1,0,1,1,0,0,0,0,1,0,1,0,1,0,0,0,0,1,1,1,0,0,1,1,1,0,0,0,0,0,1,1,0,1,1,1,0,0,61,1,1,1,1,1,0,1,0,0,0,0,1,0,0,1,0,0,1,0,0,0,0,0,1,1,1,0,0,0,1,0,0,1,1,0,0,0,0,0,0,0,0,0,1,1,0,1,0,70,1,1,1,1,1,1,1,1,0,0,0,1,1,0,0,0,0,1,1,1,1,0,1,1,1,1,0,1,0,0,1,0,0,1,1,0,0,0,0,0,1,0,1,1,1,1,1,0,81,1,0,1,1,1,0,0,0,0,0,0,0,0,1,0,0,0,0,1,1,0,1,1,0,1,1,1,0,0,1,0,1,1,0,1,0,0,0,0,0,1,0,0,0,1,1,1,0,90,0,1,1,0,1,1,0,0,0,0,1,1,1,1,1,0,0,0,1,1,1,0,0,0,0,0,1,1,0,1,0,0,0,1,1,1,1,0,0,0,0,0,0,1,1,1,0,0,01,0,0,1,0,0,0,1,0,1,1,0,0,1,0,0,1,1,1,0,0,0,1,0,0,0,1,0,0,0,1,1,0,1,0,0,0,1,0,0,0,0,0,1,1,1,1,1,0,10,1,1,1,1,0,0,0,0,1,0,1,0,0,0,0,0,0,1,1,0,1,1,1,1,1,1,0,1,0,1,0,1,0,0,1,0,0,0,0,0,0,1,1,1,0,0,1,1,21,1,1,1,1,0,0,1,1,0,0,0,0,1,0,1,0,0,0,1,1,0,1,1,0,1,0,0,0,1,0,0,0,1,1,1,1,0,1,1,0,0,0,1,0,0,1,1,0,31,0,0,1,0,1,0,1,1,1,1,1,1,0,1,0,0,0,0,1,0,0,0,1,0,0,1,0,1,1,1,1,1,1,1,0,1,1,0,0,1,0,0,0,0,0,1,0,0,41,1,1,1,1,1,1,1,1,0,0,0,0,0,0,1,0,1,0,1,0,1,1,1,0,1,0,0,1,1,0,1,0,1,1,1,0,0,0,1,0,0,1,0,0,1,1,1,0,51,1,1,1,0,1,0,1,0,0,0,0,0,1,1,0,0,0,1,0,0,0,1,0,0,1,1,0,0,0,0,1,1,0,1,0,0,1,0,1,1,1,0,1,0,0,1,1,0,60,1,0,1,0,1,1,0,1,0,0,0,1,0,0,0,0,0,0,1,0,0,1,0,1,1,0,0,0,0,1,0,1,0,0,1,0,0,1,1,0,0,1,0,1,0,0,0,0,70,1,1,0,1,1,0,0,0,0,1,0,1,1,1,1,1,0,0,1,1,0,1,0,1,1,0,0,1,0,1,0,0,1,1,0,0,0,0,0,0,1,1,1,0,1,0,1,0,80,1,0,1,0,1,1,1,0,0,0,0,0,0,0,0,1,0,0,1,1,0,1,1,1,0,1,1,0,0,0,0,1,1,1,1,0,0,0,0,0,1,0,0,0,1,1,0,0,91,0,0,1,1,0,0,0,0,0,1,0,1,0,1,0,0,0,0,0,0,0,0,0,0,0,1,0,0,1,0,0,1,0,1,1,1,0,0,1,1,0,1,1,0,1,0,0,0,00,0,0,1,0,0,1,1,1,0,0,1,0,1,0,0,0,1,0,0,1,1,1,0,1,0,1,0,0,1,0,1,0,0,0,1,0,1,1,1,1,0,1,1,1,1,1,1,0,10,1,1,0,1,1,1,1,0,0,0,0,0,0,0,0,0,1,0,0,1,1,0,1,0,1,1,0,1,1,0,0,0,0,0,1,0,0,0,0,1,0,1,1,1,1,1,1,1,21,0,1,0,0,0,0,1,0,0,1,0,0,1,0,0,0,1,0,0,1,0,1,1,1,1,1,0,0,1,1,0,0,1,1,0,0,0,1,1,0,1,0,0,1,1,0,1,0,31,0,0,1,1,1,0,0,0,0,1,1,1,0,1,0,1,0,1,1,0,1,1,1,0,0,0,1,0,1,1,1,1,0,1,0,0,1,0,0,1,1,1,1,0,1,1,1,0,40,1,0,1,1,0,0,0,0,0,0,1,0,0,1,0,0,0,1,1,0,1,1,1,1,1,0,1,1,1,1,1,0,1,1,1,1,1,1,0,0,0,0,0,1,1,1,1,0,51,0,0,1,1,1,0,0,0,1,0,0,0,1,1,0,1,0,1,0,0,0,1,1,1,0,1,1,0,0,0,0,0,0,1,1,1,1,0,0,0,1,0,1,1,1,1,1,0,60,1,0,1,1,1,0,1,0,0,0,0,1,0,0,0,0,1,1,1,1,1,0,1,1,0,0,0,0,0,0,1,1,0,0,0,0,1,1,1,0,0,1,0,1,0,0,1,0,71,1,0,1,0,1,1,1,1,1,0,0,1,1,1,1,0,0,1,1,1,0,0,0,1,1,1,1,0,0,1,0,0,1,1,1,1,1,1,1,0,1,1,1,0,1,1,1,0,80,0,0,0,0,0,0,0,0,0,0,1,1,1,1,0,0,0,0,0,1,1,1,1,1,1,0,0,0,1,0,0,1,1,1,1,0,0,0,0,1,0,0,0,0,0,1,1,0,91,0,0,1,0,1,0,0,1,0,0,0,1,0,1,1,0,1,0,1,0,1,0,0,0,0,0,0,0,0,0,0,0,1,0,1,0,0,0,0,1,0,0,0,0,1,1,0,0,00,0,1,1,1,0,0,0,0,0,1,0,1,0,0,1,0,0,0,1,0,0,1,0,1,0,0,0,0,0,0,1,0,1,0,1,0,0,1,0,0,0,1,1,1,0,1,1,0,11,0,0,0,0,1,0,1,1,0,0,1,1,1,0,1,0,0,1,0,1,1,0,1,0,0,1,0,1,1,0,0,0,0,0,1,1,0,0,0,0,0,1,1,1,0,0,1,1,20,1,1,1,1,1,0,0,1,0,0,0,0,1,0,1,0,0,0,1,0,1,0,1,0,1,1,0,0,1,0,0,1,0,0,1,1,0,0,0,0,1,1,1,0,1,1,1,0,31,0,1,0,0,0,0,1,0,0,0,0,1,0,1,0,1,0,0,1,0,1,1,0,0,0,1,0,1,1,0,1,0,1,1,1,0,1,0,0,0,0,0,1,1,0,1,0,0,41,1,1,0,1,1,0,1,1,0,0,0,1,0,1,0,1,0,0,0,1,1,0,0,0,1,1,0,0,0,0,0,0,0,0,0,0,1,0,0,1,0,1,0,1,1,0,1,0,50,1,0,1,1,1,1,1,1,0,0,0,0,1,1,0,0,0,1,0,0,1,0,0,1,1,0,1,1,1,0,0,0,1,1,1,0,0,0,0,0,1,0,1,1,1,1,0,0,61,1,1,1,1,1,1,0,0,0,0,1,0,0,0,1,0,0,0,1,0,1,0,0,0,0,0,0,0,0,1,0,0,0,0,0,0,1,0,0,1,0,1,0,0,0,1,0,0,70,1,0,0,1,0,1,1,0,1,0,1,0,0,1,0,1,0,0,0,1,0,1,1,1,0,0,0,1,1,0,1,0,0,1,0,0,0,0,1,1,1,0,1,0,0,1,1,0,80,0,1,1,1,1,1,1,0,1,1,0,0,1,1,0,0,0,0,0,0,0,0,1,0,0,1,1,0,0,1,1,0,0,1,0,0,1,0,0,1,1,0,1,1,1,1,0,0,90,0,0,1,1,0,1,0,1,0,0,0,0,0,1,0,0,0,1,1,0,0,0,0,1,0,1,0,0,0,0,0,0,1,1,1,1,1,0,1,1,0,1,0,1,1,0,1,0,00,1,1,1,0,0,0,0,1,1,1,0,0,1,1,1,0,0,0,0,0,0,0,0,1,0,0,1,0,1,0,1,1,0,0,0,0,0,0,1,1,1,0,1,1,1,1,1,0,10,1,0,1,1,1,0,1,0,0,0,1,0,0,1,0,1,0,0,1,1,0,1,1,1,1,0,0,1,1,0,0,1,0,0,1,0,0,0,0,0,0,1,0,1,1,1,0,1,20,1,1,0,1,1,0,1,0,1,0,0,0,1,0,0,0,0,0,0,1,0,0,0,0,0,0,0,0,0,0,0,0,0,0,1,0,0,0,0,0,1,0,1,1,1,1,1,0,30,0,0,1,0,1,0,1,0,0,0,0,0,0,0,0,1,1,0,1,0,1,0,0,0,0,1,0,1,1,1,1,0,1,1,0,0,0,0,0,1,0,1,1,0,0,0,0,0,41,1,0,1,1,1,1,1,0,0,0,0,1,0,1,0,0,0,0,0,1,1,1,1,1,1,1,1,0,0,0,0,0,1,1,1,1,1,0,0,0,1,0,0,1,1,1,0,0,51,1,1,1,1,1,0,1,1,0,0,0,0,1,1,0,1,0,0,0,0,1,1,1,1,1,1,0,1,0,1,0,1,0,1,1,0,1,0,0,0,1,0,0,0,1,1,1,0,61,0,0,1,0,1,1,1,1,0,1,0,0,0,0,0,0,1,1,0,0,0,0,0,1,0,0,0,0,0,1,0,0,0,0,0,0,1,0,0,0,1,1,1,1,0,0,0,0,71,0,0,1,1,0,0,1,0,0,0,0,0,1,0,1,0,0,0,0,1,1,1,1,0,1,1,1,1,0,1,0,1,1,1,1,0,1,0,1,0,1,0,1,1,1,1,1,0,81,1,0,0,0,1,1,0,0,1,0,1,0,0,1,0,0,0,1,0,1,1,1,1,1,1,0,0,0,0,1,0,0,1,1,1,1,0,0,0,0,1,0,1,0,1,1,1,0,91,0,1,1,0,0,1,0,0,0,0,0,1,0,1,0,1,0,0,0,1,0,0,1,1,0,0,1,1,1,0,0,0,0,0,0,1,0,0,1,1,0,0,1,1,0,1,0,0,00,0,0,1,0,0,0,0,0,0,1,1,0,1,1,0,1,1,1,0,0,0,0,0,1,0,0,0,0,0,0,1,0,0,0,0,0,0,1,1,0,0,0,1,1,1,0,1,0,10,1,0,1,1,1,0,1,0,0,1,0,1,0,0,1,0,0,0,0,0,0,0,0,0,1,0,1,0,0,0,0,0,1,0,1,1,0,0,1,0,0,0,1,0,1,1,1,1,21,1,1,0,0,1,0,1,1,1,1,1,0,1,0,0,0,0,1,0,1,1,1,1,1,1,1,0,1,1,0,1,0,0,1,1,0,0,1,0,0,1,1,1,1,1,0,0,0,31,1,0,0,0,1,0,0,0,0,0,0,0,0,1,0,0,1,0,1,1,1,1,1,0,0,0,0,1,0,1,0,1,0,0,0,0,0,1,0,1,1,0,1,1,0,1,0,0,41,1,1,1,1,1,0,0,0,1,0,0,0,1,1,0,0,0,0,1,1,1,0,0,1,0,1,0,0,1,0,0,0,0,1,0,0,0,0,0,0,1,1,1,1,1,1,1,0,50,0,1,1,0,0,0,1,1,0,0,0,1,1,1,0,0,0,1,0,0,0,1,1,1,1,1,0,1,0,1,1,0,1,0,0,0,0,1,0,1,0,1,0,1,0,1,0,0,60,1,1,0,1,1,0,1,1,0,1,0,1,1,1,0,0,0,0,0,0,1,0,1,1,0,0,0,0,1,0,0,1,0,1,1,1,0,1,0,0,0,1,0,1,1,1,1,0,70,1,0,1,0,1,1,1,0,0,0,0,1,1,1,1,0,0,0,0,1,1,1,1,0,1,0,0,1,0,0,1,1,1,1,1,0,1,0,0,0,0,1,1,1,1,0,1,0,81,1,1,1,1,1,1,1,1,0,0,0,0,0,1,0,1,0,1,0,0,0,1,0,1,0,1,1,0,0,1,0,0,0,0,1,0,1,1,0,1,1,1,0,0,1,0,1,0,91,1,1,1,1,0,0,0,1,0,0,0,1,0,1,0,1,0,0,0,1,0,1,1,0,0,0,1,1,0,0,0,0,0,1,1,1,0,0,1,1,0,0,1,1,1,1,0,0,00,0,1,1,0,0,0,0,0,0,1,0,0,0,0,1,0,1,0,0,1,0,0,0,1,0,0,0,0,0,0,1,0,0,0,1,1,0,1,1,0,1,0,1,1,1,1,1,0,10,1,1,0,1,1,0,1,1,1,0,0,0,1,0,1,1,1,0,1,1,0,0,1,0,1,1,1,0,1,1,0,1,1,0,1,0,0,0,0,1,0,1,1,1,1,0,1,1,21,0,1,1,0,1,0,1,1,0,0,0,0,0,0,0,1,1,0,1,1,0,0,1,1,0,1,0,1,1,1,0,0,1,0,1,0,0,0,0,0,1,0,1,1,0,1,1,0,31,0,0,0,0,0,0,1,1,0,1,1,0,0,1,1,1,1,0,1,0,1,1,1,1,0,1,0,0,0,1,0,1,1,0,0,0,0,1,1,1,1,1,0,1,0,0,0,0,41,1,1,1,1,1,1,1,0,1,0,1,0,0,0,1,1,0,1,0,1,1,1,1,1,0,0,1,0,0,1,1,0,0,0,0,1,0,0,1,0,1,0,1,0,0,1,1,0,50,1,0,1,0,0,0,0,1,0,1,0,0,0,1,0,0,0,0,0,1,0,1,0,1,1,1,0,0,0,0,1,0,0,0,1,0,0,0,0,0,1,1,1,1,0,1,0,0,61,0,0,1,1,0,1,1,0,0,0,0,1,0,1,0,0,0,1,0,1,0,1,0,0,0,1,1,0,0,1,0,0,1,0,0,0,1,0,0,1,0,0,0,0,0,0,0,0,70,1,1,1,1,0,1,0,0,0,0,1,1,1,0,0,0,0,0,1,1,1,0,1,1,1,1,1,1,0,0,1,1,0,0,0,0,0,1,0,1,1,0,0,1,0,1,1,0,80,1,1,1,1,1,0,1,0,0,0,1,0,1,0,0,0,0,0,0,1,0,1,1,1,1,1,1,0,0,1,0,0,1,1,0,0,0,1,1,0,1,0,0,1,1,1,0,0,91,0,1,1,1,0,1,1,0,0,0,0,1,0,1,0,1,0,0,1,1,1,0,1,1,0,0,0,1,1,0,1,0,0,0,0,1,0,0,0,1,1,1,0,0,1,1,1,0,01,1,0,1,0,1,0,0,0,0,1,0,0,0,0,0,0,0,0,0,1,1,1,0,1,0,1,1,1,0,0,0,1,0,0,0,1,1,1,1,1,0,0,1,0,0,0,1,0,10,0,1,0,1,1,0,0,1,1,0,0,0,1,0,1,1,0,0,0,1,0,0,1,1,0,0,0,1,1,0,1,0,0,1,0,0,0,0,1,0,0,1,0,1,1,1,0,1,20,1,0,1,0,1,1,1,0,0,1,0,0,1,1,1,1,1,0,0,1,1,1,0,0,1,1,0,1,0,1,0,0,0,1,1,0,0,0,1,0,1,0,1,1,0,0,1,0,31,0,0,1,1,0,0,0,1,0,0,1,0,0,1,0,0,0,0,1,0,0,0,0,1,0,1,1,1,0,0,1,1,1,1,0,0,1,1,0,1,0,0,0,0,0,0,1,0,40,1,0,1,1,1,1,1,0,0,0,1,1,1,1,0,1,0,0,1,1,0,1,1,1,1,0,1,0,0,0,0,1,0,1,0,0,0,1,0,0,0,0,1,0,0,1,1,0,50,1,1,1,0,1,0,0,0,0,1,0,0,1,1,0,0,1,0,0,0,1,1,0,0,1,1,0,1,0,0,0,1,1,1,1,0,1,0,0,0,1,0,0,0,0,1,1,0,60,1,0,1,0,1,1,1,1,0,0,1,1,0,0,1,0,0,1,0,0,0,1,0,1,1,0,0,0,1,1,0,0,0,1,0,1,1,0,0,1,1,0,1,1,0,0,0,0,70,1,1,1,0,1,0,0,0,0,1,1,1,1,0,1,0,0,0,0,0,0,1,1,1,1,1,1,1,1,0,0,0,0,0,1,1,1,0,0,0,1,1,1,1,0,1,0,0,80,1,0,0,1,0,0,0,1,0,0,1,1,1,1,0,0,1,0,1,1,0,1,1,1,1,0,0,1,0,0,1,0,1,1,1,0,0,0,0,1,1,0,1,0,1,1,1,0,90,1,1,1,0,1,0,0,1,0,1,0,0,1,1,0,1,0,0,0,1,1,0,1,1,0,1,0,0,0,0,1,0,0,1,0,1,0,0,1,0,0,1,0,0,0,1,0,0,00,0,1,1,0,0,0,0,0,1,0,0,0,0,0,1,0,0,0,0,0,1,0,0,0,0,0,0,0,0,0,1,1,1,0,0,0,0,0,0,0,1,1,0,1,1,0,0,0,10,0,1,1,1,1,0,0,0,0,0,0,0,1,1,1,0,0,1,0,1,0,1,1,1,1,0,0,1,1,0,0,1,1,0,1,0,1,1,0,0,0,1,0,1,0,1,1,1,20,1,0,0,1,1,1,1,0,0,0,1,0,1,0,0,0,1,0,0,0,1,1,0,1,1,1,0,1,1,0,0,1,0,1,1,1,0,0,0,1,1,0,1,1,1,1,0,0,31,0,0,1,0,0,0,0,0,0,0,0,1,1,0,0,0,0,0,0,0,1,1,0,0,1,1,1,1,0,1,1,1,1,1,0,0,0,1,1,1,0,1,0,0,0,0,1,0,41,1,1,1,1,1,1,1,1,0,0,1,1,1,0,0,1,0,0,0,0,1,1,0,0,0,0,0,0,1,0,0,0,0,1,1,0,0,0,1,1,1,0,0,1,1,1,1,0,50,1,1,0,1,1,0,1,1,0,0,0,0,0,1,1,0,0,0,0,1,1,0,1,1,1,1,0,1,0,0,1,0,0,1,1,0,0,0,1,0,1,0,1,0,0,0,1,0,61,1,1,1,1,1,0,1,1,1,0,0,0,0,0,0,0,0,1,1,0,0,0,0,1,1,1,0,1,0,0,1,0,1,1,0,0,1,1,0,0,0,0,0,0,0,0,0,0,70,0,1,1,0,1,0,1,0,0,1,0,0,1,1,1,0,0,0,0,1,0,0,1,0,1,1,0,1,0,1,0,0,0,1,1,1,0,0,1,0,1,0,1,1,1,0,0,0,80,0,1,0,1,1,1,1,1,0,1,0,0,0,1,0,1,0,1,0,0,0,1,1,0,1,1,0,0,1,1,0,0,0,1,1,0,0,0,0,0,0,1,0,0,1,0,0,0,91,0,1,0,1,0,0,0,1,0,1,1,1,0,1,1,0,1,0,1,0,1,0,0,0,1,0,1,1,1,0,0,0,0,1,0,1,0,0,1,0,1,0,0,0,1,1,1,0,00,0,1,1,0,0,0,0,0,0,0,1,1,0,1,1,0,1,0,0,0,1,1,0,1,0,0,0,0,0,0,1,1,0,0,0,1,0,1,1,1,0,1,1,1,0,1,0,0,10,1,1,0,1,1,0,0,0,0,0,1,1,0,0,0,1,0,0,0,1,0,1,1,0,1,1,0,1,0,0,1,1,0,0,1,0,0,0,0,0,1,0,1,1,1,1,1,1,21,0,1,1,1,1,1,1,1,0,0,0,1,1,0,1,0,0,1,0,1,0,1,0,1,1,1,0,0,1,0,0,0,0,1,1,0,1,0,0,0,1,0,1,1,0,0,0,0,31,0,0,0,0,0,1,0,0,0,0,1,1,0,0,0,1,1,1,1,0,1,0,0,0,1,1,0,0,0,1,0,1,1,0,0,0,0,0,0,1,1,1,0,0,1,0,1,0,41,1,0,0,1,0,0,1,1,1,0,0,0,1,1,0,0,0,1,0,1,1,1,1,1,1,1,0,0,0,0,0,1,0,1,1,1,1,0,0,0,1,0,0,0,1,1,0,0,50,1,1,0,1,1,0,1,0,1,0,0,1,1,1,0,0,0,1,0,0,1,1,1,0,1,0,0,0,1,1,0,0,1,1,1,0,0,1,1,0,1,0,0,1,1,1,1,0,61,0,0,1,1,1,1,1,0,0,1,0,0,0,0,1,0,1,1,1,0,0,0,1,1,0,0,0,0,0,1,1,0,0,0,1,0,1,1,0,0,0,0,0,0,1,0,1,0,70,1,0,1,1,1,0,0,1,1,0,1,0,0,1,0,0,0,0,0,1,1,1,1,1,1,1,0,1,0,0,0,0,0,1,0,0,0,0,1,0,1,0,0,1,0,1,1,0,80,1,1,1,1,1,0,0,0,1,0,0,1,0,0,0,0,0,0,0,0,0,0,1,1,1,1,0,0,0,0,1,0,1,1,1,1,0,0,1,1,0,0,1,1,1,1,0,0,91,1,1,1,1,0,0,1,1,0,0,1,0,0,0,0,0,1,0,0,1,1,1,0,0,1,0,0,1,0,0,0,0,1,1,0,1,0,0,0,1,0,0,0,1,1,0,0,0,01,1,0,0,0,1,0,0,0,0,0,1,0,0,0,1,0,0,1,0,0,0,0,0,1,0,1,1,0,1,0,1,0,0,1,0,1,0,1,1,0,1,0,1,0,1,0,1,0,10,1,0,1,1,1,1,0,1,0,1,1,0,0,1,0,0,1,1,1,1,0,1,0,1,0,1,0,1,1,0,1,1,0,0,1,0,1,0,1,1,0,1,0,0,1,1,1,1,21,1,1,1,0,1,0,1,0,0,1,0,0,1,0,1,0,0,0,0,1,1,1,1,1,1,1,1,0,1,1,1,1,0,1,1,0,0,1,0,1,0,0,1,0,1,1,1,0,31,1,0,1,1,0,1,1,0,0,0,1,1,0,1,0,0,0,0,1,0,1,0,0,0,0,0,0,1,0,1,0,1,1,1,0,0,1,0,0,1,0,1,0,0,0,0,0,0,41,0,1,1,1,1,0,1,0,1,0,0,0,0,1,0,0,0,1,0,0,0,0,1,1,1,0,0,1,0,0,1,0,1,1,0,0,0,0,1,0,1,0,1,0,0,1,1,0,50,1,1,1,1,0,0,1,0,0,0,0,0,1,1,0,1,0,0,1,1,1,1,1,1,0,1,0,1,0,0,0,0,0,1,0,0,0,0,0,0,1,1,0,1,0,1,1,0,61,1,0,1,1,1,1,1,0,1,0,0,1,0,0,0,0,0,0,0,0,0,0,0,1,0,1,0,1,1,1,1,0,1,0,1,0,0,1,1,1,0,0,0,1,0,0,0,0,71,1,0,1,0,1,0,1,0,0,0,1,1,0,0,0,1,0,0,0,1,0,1,1,1,1,1,1,1,1,1,1,0,1,1,1,0,0,0,0,1,1,0,0,1,1,1,1,0,80,0,1,1,1,0,0,1,1,0,0,0,1,1,0,1,0,1,0,1,1,0,1,1,1,1,1,1,1,0,1,0,0,0,1,1,1,0,0,0,0,0,0,1,1,1,1,1,0,90,0,0,1,1,1,0,0,1,0,0,0,0,0,1,1,0,0,0,0,0,1,1,0,0,0,1,1,0,0,0,0,1,0,0,1,0,0,0,1,0,0,0,0,1,1,1,0,0,01,0,1,1,0,1,0,0,1,0,0,1,0,0,0,1,0,1,0,0,0,0,1,0,1,0,0,0,0,1,0,0,0,1,0,1,0,0,0,0,0,0,0,1,0,1,1,0,0,10,0,1,1,1,1,0,0,0,0,0,0,1,0,0,0,0,0,1,0,1,0,1,1,1,0,1,0,1,0,0,0,0,0,0,1,0,0,0,0,0,1,1,1,1,1,1,0,1,20,1,0,0,1,1,0,0,0,1,0,1,0,0,1,0,1,1,0,0,1,1,1,1,1,0,1,0,0,0,1,0,0,0,1,1,0,1,0,0,0,1,0,1,1,1,1,1,0,31,0,0,0,0,1,1,1,0,0,0,0,0,1,0,0,0,0,0,1,0,0,0,0,1,0,0,0,0,0,1,1,0,1,1,1,1,1,0,1,0,0,1,0,1,1,1,0,0,41,1,1,1,1,1,1,1,0,0,0,0,0,1,1,0,0,0,1,0,0,1,1,1,0,0,0,0,0,0,0,0,0,0,1,1,1,0,1,1,1,1,0,0,0,1,1,1,0,50,0,1,1,1,0,0,1,0,0,0,0,0,0,1,0,1,1,0,0,0,1,0,1,1,1,0,0,1,0,0,0,0,1,1,1,1,0,0,1,0,1,0,1,1,1,1,0,0,61,1,0,0,1,0,0,0,0,0,1,0,1,1,1,1,0,0,1,0,1,0,1,1,0,1,0,0,1,0,0,0,1,0,0,0,0,0,1,0,0,1,0,0,1,0,0,0,0,70,1,0,0,0,1,0,0,0,1,1,1,1,1,1,0,0,0,0,1,0,0,0,1,0,0,1,1,1,0,0,1,0,0,0,1,1,0,1,0,1,1,1,0,0,0,1,1,0,81,1,1,1,1,0,0,1,0,0,0,0,1,1,1,1,0,0,0,0,1,1,0,0,1,1,1,1,0,0,0,0,0,0,1,1,0,1,0,0,0,1,0,0,1,1,0,1,0,90,0,1,1,1,0,0,0,0,1,0,1,1,0,1,0,0,0,0,0,1,1,1,0,0,0,0,1,1,0,1,0,0,0,1,0,1,0,0,0,1,1,0,1,1,1,1,1,0,00,0,0,0,0,1,1,0,0,1,0,1,0,1,0,1,0,1,0,1,0,0,0,1,1,0,1,1,0,1,0,1,1,1,0,1,0,0,1,0,0,0,0,1,1,1,1,0,0,11,1,0,1,1,1,0,1,1,0,0,0,0,0,0,0,0,0,1,0,1,1,1,1,1,1,0,0,1,0,0,0,0,0,1,1,0,0,1,0,0,0,1,1,1,1,0,0,1,20,0,1,0,1,1,0,1,0,0,1,0,0,1,0,0,0,0,0,0,1,0,1,0,1,1,0,0,0,0,0,0,0,0,1,0,0,0,0,0,0,1,0,1,0,1,1,1,0,31,0,0,0,0,1,0,1,0,1,0,1,0,1,1,0,0,0,1,1,0,0,1,0,1,0,1,0,0,1,1,0,1,1,0,0,1,1,0,0,0,0,0,0,1,1,0,1,0,41,1,1,0,1,1,1,1,0,0,0,0,0,0,1,0,1,0,0,0,1,1,1,1,1,0,0,1,0,0,0,0,0,0,1,0,1,0,0,0,1,1,0,1,1,0,1,1,0,50,1,0,1,1,1,0,1,0,0,1,1,1,1,1,0,0,0,1,0,1,0,1,1,1,1,1,1,1,0,1,0,0,1,0,0,1,0,0,1,0,1,0,1,1,1,0,1,0,60,1,1,1,1,0,1,0,1,1,0,1,1,0,1,0,0,0,0,0,1,0,1,1,1,1,0,0,0,0,1,0,1,0,0,0,0,1,0,1,1,0,0,0,1,0,0,0,0,70,0,1,1,1,1,0,1,0,0,0,0,0,1,1,1,0,0,0,1,1,0,1,1,0,1,1,1,0,0,1,0,0,0,0,0,0,0,0,0,0,0,0,0,0,0,1,0,0,80,1,1,1,1,1,0,0,1,0,1,0,1,0,1,1,0,0,0,0,1,1,1,1,1,1,1,1,0,0,0,0,0,0,0,1,0,1,1,0,0,1,0,1,0,1,1,0,0,90,0,0,0,1,1,1,1,1,0,1,1,1,0,1,1,0,0,0,0,1,0,1,0,0,0,0,1,1,0,0,1,0,1,1,0,1,0,1,1,1,0,0,1,1,1,1,1,0,00,0,0,1,1,1,0,0,0,1,1,0,0,1,0,1,0,0,0,0,0,0,1,1,1,0,1,0,1,0,0,1,0,0,0,1,0,0,1,0,1,1,0,1,1,1,1,1,0,11,1,1,1,0,1,0,1,0,1,0,0,0,1,0,0,1,1,1,1,1,1,0,0,1,1,1,0,1,1,1,1,0,1,0,1,0,1,0,1,1,1,0,1,1,1,1,0,1,20,1,1,1,0,1,0,1,1,0,0,0,0,1,1,0,0,0,1,1,1,0,0,1,0,1,1,0,0,0,0,1,0,0,0,1,0,0,1,0,1,0,1,1,1,0,0,1,0,31,0,0,0,0,1,1,1,0,1,0,0,0,0,0,1,1,0,1,1,0,1,0,0,0,1,1,0,0,0,1,0,1,1,1,0,1,1,1,0,0,1,0,0,0,0,0,1,0,41,0,1,1,0,1,1,1,0,0,0,0,0,0,1,1,0,0,0,0,0,1,1,0,0,1,1,1,0,0,0,0,1,0,0,1,1,1,1,1,0,1,0,0,0,0,1,1,0,50,1,0,1,1,1,1,1,0,0,0,0,0,1,1,0,1,1,1,0,0,1,1,1,1,0,1,0,1,1,0,0,0,0,1,0,1,1,0,0,0,0,1,1,1,0,1,0,0,61,0,0,1,1,1,0,0,0,0,0,0,1,1,0,1,1,0,0,0,0,1,0,1,0,1,0,0,0,1,1,0,0,0,1,0,0,1,0,0,0,0,1,0,0,0,0,0,0,70,0,0,0,1,1,0,1,0,0,0,1,0,0,1,1,1,0,0,0,1,0,0,0,1,1,1,0,1,1,0,0,0,0,1,0,1,0,0,0,0,0,0,1,1,1,0,1,0,80,1,0,1,1,1,1,1,0,0,0,0,0,1,1,0,1,0,1,0,1,1,0,0,1,1,1,0,0,0,1,0,0,1,1,1,0,0,0,0,0,1,0,0,0,1,0,1,0,91,0,1,0,0,0,0,1,1,0,0,0,1,0,1,1,0,0,0,1,1,1,0,0,0,0,0,1,1,0,0,0,1,1,1,0,0,0,0,0,1,0,0,0,0,0,1,1,0,01,0,0,1,1,0,1,1,1,0,0,1,0,0,1,0,0,1,0,0,0,0,1,1,1,1,0,0,1,1,1,1,0,0,1,1,0,1,1,0,0,0,0,1,0,0,1,1,0,11,1,1,0,0,1,0,0,0,1,0,0,0,1,0,0,0,0,0,1,1,0,0,1,0,1,1,0,1,0,0,0,0,0,0,0,1,1,0,0,0,1,1,1,0,1,1,0,1,21,0,1,1,0,0,0,1,0,0,0,0,0,1,0,0,1,0,0,1,0,0,0,1,1,0,1,0,0,1,0,0,0,0,1,1,0,0,0,0,0,1,0,0,1,1,0,1,0,31,0,0,0,0,1,0,1,0,1,0,1,1,1,1,0,1,0,0,1,1,0,0,1,0,0,1,0,1,1,1,1,0,0,1,1,0,1,0,0,1,0,1,0,0,0,0,1,0,41,1,1,0,1,1,1,1,1,0,0,0,0,0,1,0,0,1,0,0,0,1,0,1,1,1,1,0,1,1,0,0,1,0,1,1,0,0,0,1,0,0,0,0,1,0,0,1,0,50,0,0,1,0,0,1,1,1,0,1,0,0,0,1,0,0,0,1,0,0,1,1,1,1,1,0,0,1,1,0,0,1,0,1,1,1,0,0,0,1,1,1,1,0,1,1,1,0,60,1,0,0,1,1,1,0,0,0,0,0,1,1,0,0,0,0,0,0,1,0,1,0,1,0,0,1,0,1,1,0,0,1,0,1,0,1,0,0,1,0,0,0,1,0,1,0,0,70,1,0,1,1,1,0,1,0,0,0,1,1,0,1,0,0,1,0,1,1,0,1,0,1,0,0,1,1,0,1,0,0,1,0,0,0,0,0,1,1,0,0,0,0,1,1,0,0,80,0,0,1,0,0,0,1,0,0,0,0,0,1,0,1,0,0,0,1,1,0,0,1,0,0,0,1,0,0,1,0,0,0,0,1,0,0,0,0,0,1,0,1,0,0,0,1,0,90,0,1,1,0,0,0,0,1,0,0,0,1,0,0,0,1,0,1,1,1,1,0,0,1,0,0,1,1,0,0,1,1,1,0,0,0,1,0,0,0,0,0,1,0,1,1,0,0,01,1,0,0,0,1,0,0,1,0,1,1,1,0,1,0,0,1,1,0,0,0,0,0,0,0,0,1,0,1,1,1,1,0,0,0,0,0,1,0,0,1,0,1,0,1,1,1,0,11,0,0,1,1,0,0,1,1,0,1,0,0,1,0,0,0,0,1,1,1,0,1,0,1,1,0,0,1,0,0,1,1,1,1,1,0,0,1,0,1,0,0,0,0,1,1,1,1,21,0,1,0,1,1,1,1,0,1,1,0,0,0,1,0,0,0,1,1,1,1,0,1,1,1,0,0,0,1,0,1,0,0,1,1,1,0,0,0,0,1,0,1,1,1,0,0,0,30,0,0,0,0,0,0,1,0,0,1,0,0,0,1,0,0,0,0,0,1,1,0,0,1,0,1,1,0,0,1,1,1,0,1,1,1,0,1,1,1,0,1,0,0,0,0,1,0,40,1,0,1,0,1,0,1,1,0,0,0,0,1,0,1,0,1,0,1,0,1,1,1,1,1,1,0,0,0,0,0,1,1,1,0,1,1,0,0,0,1,0,1,1,0,1,1,0,50,1,1,1,1,1,0,0,1,0,0,0,1,1,1,0,0,0,0,0,0,1,0,1,1,1,1,1,1,0,0,1,1,0,0,1,0,1,0,0,0,0,0,1,1,1,0,1,0,61,1,1,0,1,1,1,0,0,0,0,0,1,0,0,1,0,0,1,1,0,0,0,1,0,0,0,0,1,0,0,0,0,0,1,0,0,0,0,1,1,1,0,0,1,1,0,1,0,70,1,1,1,1,1,0,1,1,0,1,0,1,1,1,0,1,1,0,0,0,0,0,1,1,0,1,0,0,0,0,1,1,1,1,1,1,0,0,1,0,1,0,0,1,1,1,0,0,80,1,1,1,1,1,1,1,0,0,1,1,0,1,1,0,0,0,0,0,1,1,0,1,0,1,1,1,0,1,1,0,1,1,1,1,1,1,0,0,0,0,0,1,1,0,1,0,0,90,1,0,0,1,0,1,1,1,1,1,0,0,0,1,0,1,0,0,0,0,1,0,1,0,0,0,1,1,0,0,1,1,0,0,1,0,0,0,1,1,1,0,1,1,0,1,0,0,00,1,1,1,0,0,0,1,1,1,1,0,1,0,0,1,0,0,0,0,0,1,0,0,1,0,0,0,0,1,0,1,0,0,0,0,0,1,1,0,0,0,0,1,1,1,1,1,0,10,1,0,0,1,1,1,1,0,0,1,0,0,0,1,0,1,0,1,1,1,0,1,1,1,1,1,1,1,0,0,1,0,0,0,1,0,0,0,0,0,0,1,1,1,0,0,1,1,21,1,0,1,0,1,0,1,1,0,0,0,0,1,0,1,0,0,0,1,1,0,1,0,0,0,1,0,0,0,0,0,0,1,0,1,0,1,1,1,0,1,0,1,1,0,1,0,0,30,0,0,0,0,1,0,1,0,0,1,0,1,0,0,0,1,0,1,0,0,1,1,1,0,0,1,0,0,0,0,1,1,1,1,0,1,0,0,0,1,0,0,1,0,1,0,0,0,41,1,1,1,1,0,1,1,0,0,1,1,0,1,1,0,0,0,1,0,0,0,1,0,1,1,1,0,0,0,0,1,0,1,0,0,1,0,0,1,0,1,1,0,1,1,1,1,0,50,1,1,0,0,0,0,1,0,0,0,1,0,1,1,0,1,0,1,0,0,1,0,1,1,0,1,0,1,0,1,1,0,0,1,0,0,1,0,0,0,1,0,1,0,0,1,0,0,60,0,1,1,1,1,1,0,0,1,0,1,1,0,0,0,1,1,1,0,1,0,0,0,1,1,0,1,0,0,1,0,0,0,1,0,0,1,0,1,1,0,0,0,0,0,0,0,0,70,1,0,0,1,0,1,1,0,1,0,1,0,1,0,0,0,0,1,0,1,0,0,1,1,1,1,0,1,1,1,1,1,0,1,1,0,0,1,0,1,1,0,1,1,1,1,1,0,80,0,1,1,1,1,0,1,0,0,0,1,0,1,1,0,0,0,0,1,1,0,0,1,1,1,1,1,0,0,0,0,0,0,0,1,1,0,0,0,1,1,1,1,0,1,1,0,0,90,1,1,0,1,0,1,0,1,1,0,0,0,1,1,0,0,0,0,0,1,1,0,0,0,0,1,1,1,1,0,0,0,0,1,1,1,0,0,0,0,0,0,0,1,0,1,1,0,01,1,1,1,0,0,0,0,0,0,1,0,0,0,0,1,0,1,0,0,0,0,0,1,1,0,1,0,0,0,1,1,0,0,0,0,0,0,1,0,0,0,1,0,1,1,1,1,0,10,1,0,1,1,1,1,1,0,0,0,0,0,1,0,1,1,0,0,0,0,0,1,1,0,1,0,0,1,0,0,0,0,0,0,0,1,0,0,0,0,1,1,1,1,1,1,0,1,21,1,1,0,1,1,0,0,1,0,1,0,1,1,1,1,0,0,0,0,0,0,1,1,1,1,1,0,1,0,1,0,1,0,1,1,0,0,0,0,0,1,1,0,0,0,1,1,0,31,0,0,0,0,0,0,1,1,0,0,1,1,0,1,0,0,0,1,0,0,1,1,1,0,0,0,1,0,0,0,1,0,1,0,0,0,0,0,1,1,1,1,0,0,0,0,1,0,41,1,1,1,1,1,0,0,0,0,1,0,1,0,1,1,0,1,0,1,0,0,1,0,1,1,1,1,1,0,0,0,0,1,1,0,0,0,0,0,0,1,0,1,1,1,1,1,0,50,1,1,1,0,1,1,1,1,1,0,0,0,0,1,1,1,1,0,1,0,1,1,1,1,1,1,0,0,0,0,1,0,1,0,1,1,1,1,1,0,1,1,1,0,1,1,1,0,61,1,1,0,0,0,0,0,0,1,0,1,1,1,0,0,1,0,1,0,0,0,0,0,0,1,1,1,1,0,1,0,0,0,1,1,1,1,0,0,1,0,0,0,1,0,0,0,0,71,1,0,1,1,1,0,1,0,0,0,0,0,1,1,0,0,1,0,0,1,0,1,0,1,1,1,1,0,1,1,0,1,0,1,1,0,0,0,0,0,1,0,1,1,1,1,1,0,80,1,1,1,1,1,1,1,0,0,0,0,1,1,1,0,0,0,0,0,1,0,0,1,1,0,1,1,0,0,0,1,0,0,1,1,0,0,0,0,0,1,0,1,1,1,1,0,0,90,0,0,0,1,1,0,1,0,0,1,0,1,0,1,0,1,0,1,0,0,0,1,0,0,0,1,0,1,0,1,0,1,0,0,0,1,0,0,1,1,0,1,1,1,0,1,0,0,00,0,0,1,1,1,0,0,0,1,0,0,0,0,1,0,1,0,0,0,0,1,0,0,1,0,0,0,0,0,0,1,0,1,0,1,0,0,0,0,1,0,0,1,0,1,1,1,0,10,1,1,1,0,1,1,1,1,0,0,0,0,0,0,1,1,0,0,0,1,0,1,1,1,1,1,1,1,0,0,0,1,1,0,1,1,0,1,0,0,0,0,1,1,1,1,1,1,20,1,1,1,1,1,0,0,0,1,0,0,1,1,1,0,0,0,0,0,0,0,1,1,1,1,1,0,1,0,0,1,1,0,1,0,0,0,1,0,0,1,1,0,1,1,1,1,0,31,0,0,0,0,0,0,1,1,0,0,1,1,0,1,0,0,0,0,0,0,1,0,0,0,0,0,1,1,1,1,1,0,1,1,1,1,0,0,0,0,1,0,0,0,1,1,1,0,41,1,1,0,1,0,1,1,0,1,0,0,0,0,0,1,1,0,0,0,0,1,1,1,1,1,1,0,1,1,0,0,0,0,0,1,0,0,1,0,1,0,0,1,1,1,1,0,0,50,1,1,1,1,1,0,1,0,0,0,1,1,1,0,1,0,1,0,0,0,0,1,1,1,1,1,0,0,0,0,1,0,0,1,0,0,0,0,0,0,1,0,1,1,1,0,1,0,60,0,0,0,1,1,0,0,0,1,0,0,1,0,0,0,1,0,0,1,0,1,0,0,1,0,1,0,0,0,1,0,0,0,1,0,0,0,0,0,0,1,0,0,1,0,1,0,0,71,1,1,0,0,0,0,1,0,0,0,0,1,1,0,0,1,0,0,0,1,0,1,1,0,1,1,0,1,0,1,0,0,0,0,1,0,0,0,0,1,1,0,1,0,1,1,1,0,81,1,1,1,1,1,1,0,0,1,0,0,0,0,1,1,1,0,0,1,0,1,1,1,1,0,0,0,0,1,0,0,0,0,0,1,1,1,0,0,0,1,0,1,1,1,1,1,0,91,1,0,0,0,0,1,1,1,0,1,0,0,0,1,0,0,0,0,1,1,0,1,0,0,1,1,0,1,0,0,0,0,0,1,0,0,0,0,0,1,0,0,0,1,1,1,0,0,00,0,0,1,1,0,0,0,0,1,1,0,0,0,0,0,1,1,1,1,0,0,0,1,1,1,1,1,0,0,0,1,1,0,1,1,0,0,1,0,0,1,1,1,0,1,1,1,0,10,0,1,1,1,1,0,0,1,0,1,0,0,0,0,0,0,1,0,0,1,0,1,1,1,0,1,0,1,1,1,0,0,1,0,1,0,0,1,0,0,0,1,0,1,1,1,1,1,21,1,0,1,1,1,0,1,1,1,0,0,1,0,0,0,0,0,1,1,1,1,1,1,1,1,1,0,0,0,1,0,1,0,1,1,0,0,0,0,0,1,0,0,1,1,1,1,0,31,0,0,1,1,0,0,0,1,0,0,0,1,0,1,0,0,0,0,1,0,1,0,0,1,0,1,1,1,0,1,1,0,1,1,1,0,1,1,1,1,0,0,0,1,1,0,0,0,41,0,0,1,1,1,1,1,0,1,0,1,1,0,1,0,0,0,0,0,0,0,1,0,1,1,1,1,0,1,1,1,0,0,1,1,0,0,1,0,0,0,0,1,0,1,1,0,0,51,1,1,1,1,1,0,0,1,1,0,0,1,0,1,1,1,0,1,0,1,1,1,1,0,1,1,0,1,0,0,1,0,0,1,1,0,0,1,1,0,1,0,1,0,1,1,1,0,61,1,1,1,1,1,0,1,0,0,0,0,1,1,0,1,0,0,1,0,1,1,0,0,1,0,1,0,1,1,1,0,1,0,0,1,1,1,0,0,0,0,0,0,1,0,1,0,0,71,1,1,1,1,0,0,1,1,1,0,0,0,1,1,0,0,1,1,0,1,0,1,1,1,1,1,0,1,0,0,0,0,1,0,1,1,0,0,0,0,1,0,1,1,1,1,1,0,80,1,1,1,1,1,0,1,0,1,0,1,0,1,1,1,0,0,0,1,1,0,1,0,0,1,0,0,0,0,0,1,0,0,1,0,0,0,1,0,0,1,0,0,1,1,0,0,0,90,0,1,0,1,1,1,1,0,1,0,0,1,1,0,0,1,0,0,0,1,1,1,1,0,0,0,1,0,0,1,0,0,0,1,1,1,1,1,0,1,0,0,0,0,1,1,0,0,00,0,1,1,0,1,1,1,0,1,1,0,0,1,0,1,0,1,1,0,0,1,0,1,1,0,1,1,1,1,0,1,0,0,0,0,1,0,1,0,0,0,0,1,0,1,1,1,0,10,1,1,1,1,0,1,1,0,0,1,0,0,0,0,0,1,0,0,0,1,0,0,1,0,1,1,0,1,0,0,0,0,0,0,1,0,0,0,1,0,0,1,1,1,1,1,1,1,20,1,1,1,1,1,0,1,0,1,0,0,0,0,0,1,1,0,0,0,1,0,1,1,0,1,1,0,0,0,1,0,1,1,1,1,1,1,0,1,0,1,1,0,1,1,1,1,0,30,0,1,1,0,1,1,0,0,0,0,0,0,0,1,0,0,0,1,1,1,1,1,0,0,0,0,1,1,1,1,1,1,1,1,0,1,1,0,1,1,1,0,0,1,0,0,1,0,41,1,0,1,0,1,0,1,0,0,1,0,0,0,0,0,0,0,1,1,1,1,0,1,1,0,1,1,0,0,1,0,0,1,1,0,0,0,1,0,0,1,1,1,1,1,1,1,0,51,1,1,1,1,1,1,1,1,1,0,0,1,1,1,0,0,0,1,0,1,1,1,0,1,1,0,0,1,1,0,0,0,0,1,1,0,1,1,0,1,0,0,1,1,1,1,0,0,60,1,1,1,0,0,1,1,0,0,0,1,1,0,0,0,1,0,1,0,0,0,0,0,1,0,0,0,0,0,0,0,0,0,0,1,1,1,1,0,0,0,0,0,1,0,1,0,0,70,0,1,0,1,0,0,0,1,1,1,0,1,1,1,1,1,0,0,1,1,0,1,1,0,1,0,1,1,1,1,0,1,1,1,0,0,0,1,0,0,1,0,1,1,1,0,1,0,80,1,0,0,1,0,0,0,0,0,0,0,1,1,1,0,0,1,0,0,1,1,0,1,1,1,1,1,0,0,0,0,1,0,1,0,0,0,0,1,0,1,0,1,1,1,1,0,0,90,1,0,1,1,0,0,0,0,0,1,1,0,0,0,1,0,0,0,0,1,0,1,0,0,0,1,0,0,0,0,0,0,0,0,0,1,0,1,0,1,1,1,0,1,1,1,1,0,01,1,0,1,0,1,0,1,1,1,1,0,0,1,1,1,0,1,1,1,0,1,0,0,1,0,0,0,0,0,0,1,1,0,0,0,1,0,1,0,0,0,0,1,0,1,0,0,0,10,1,1,1,1,0,0,1,0,0,0,0,0,1,1,1,1,0,0,0,1,0,1,1,1,1,1,0,1,0,0,0,0,0,0,1,0,1,1,1,0,0,1,1,1,0,1,1,1,20,1,1,1,1,1,0,1,0,1,1,0,1,0,0,1,0,1,1,1,1,0,0,1,1,1,1,1,0,0,1,0,1,0,1,0,0,0,0,0,0,1,0,0,1,1,0,1,0,31,0,0,0,0,0,0,1,1,1,1,0,1,0,1,0,0,0,0,1,0,1,0,0,1,1,0,1,1,1,0,1,0,0,1,0,1,0,0,0,0,0,0,1,1,1,1,0,0,40,0,1,0,0,1,1,1,0,1,0,0,0,1,1,1,1,0,0,1,0,1,1,1,1,1,1,1,0,0,0,0,1,0,0,1,0,1,0,1,1,1,0,0,1,0,0,1,0,51,1,0,0,1,1,0,1,0,0,1,1,1,1,1,0,0,0,0,1,0,0,0,1,1,1,1,0,1,0,0,1,0,0,1,1,1,0,0,0,0,0,1,1,1,1,0,1,0,60,1,0,0,0,1,1,1,0,1,1,1,1,1,1,1,0,0,1,0,0,1,0,0,0,0,0,0,1,0,1,0,0,0,0,1,0,1,0,0,0,0,0,0,1,1,1,0,0,70,1,1,1,0,1,0,1,0,0,0,0,0,1,0,0,1,0,1,0,1,1,1,1,1,0,1,0,1,1,0,0,0,0,1,1,0,1,0,1,0,1,1,1,1,0,0,1,0,81,0,0,1,1,1,0,0,1,0,1,0,0,0,1,1,1,0,1,0,1,0,0,1,1,0,1,0,0,0,1,0,0,0,1,1,0,0,1,0,0,1,1,0,0,1,1,0,0,90,0,1,1,1,1,0,0,1,0,0,0,1,0,0,0,0,1,0,0,1,1,1,1,1,1,0,1,1,0,0,0,0,0,1,0,0,0,1,1,0,0,0,0,0,1,1,0,0,00,0,1,1,1,0,0,0,1,1,0,0,0,1,1,1,0,1,0,0,0,0,0,0,1,0,0,0,0,0,0,1,0,1,0,1,0,0,1,1,0,0,1,0,0,1,1,1,0,10,0,1,0,1,1,0,1,0,0,0,0,0,1,0,1,0,0,0,1,0,0,1,0,1,1,1,0,1,1,0,1,0,0,0,0,0,0,0,0,0,0,0,0,0,1,0,1,1,21,1,1,1,1,0,1,1,1,1,0,0,1,1,1,1,1,1,0,1,1,1,1,0,0,0,1,0,1,0,0,0,1,1,0,0,0,1,0,0,0,0,0,1,1,1,1,1,0,31,0,0,0,0,1,0,1,0,0,0,0,0,0,1,0,0,0,0,1,0,1,1,0,1,0,1,0,0,0,1,0,0,1,0,0,0,0,0,0,1,0,1,1,1,0,0,1,0,40,1,1,1,0,1,1,0,0,0,1,0,1,0,1,0,0,0,0,0,1,1,1,1,1,1,1,0,0,1,0,0,1,0,0,1,0,1,0,0,0,1,1,1,1,0,0,0,0,51,1,1,1,0,1,0,1,1,1,0,1,0,0,1,0,0,1,1,0,0,0,1,1,0,1,0,0,0,0,0,1,1,1,0,1,0,0,1,1,1,1,1,1,1,0,0,1,0,61,1,0,1,0,1,1,0,1,0,0,0,1,1,0,1,0,1,0,0,0,0,1,0,0,0,0,1,1,0,1,0,0,1,1,1,0,0,0,0,1,0,0,1,0,0,0,0,0,70,1,1,0,1,1,1,1,1,1,0,0,1,1,1,0,1,0,0,0,0,0,0,1,0,0,0,1,1,0,1,0,0,0,1,1,0,1,0,0,0,0,0,1,1,0,0,1,0,80,1,1,1,1,1,0,0,0,0,0,0,1,1,1,0,0,1,0,0,1,0,1,1,0,1,0,1,0,0,1,0,0,0,0,1,1,0,0,0,0,1,0,0,1,0,0,0,0,91,1,1,1,1,0,0,0,1,0,0,1,0,0,0,0,0,0,0,0,1,1,0,1,0,0,1,0,0,1,0,0,0,0,1,1,1,0,0,0,1,0,1,0,1,0,1,0,0,00,0,1,1,1,0,1,1,0,1,1,0,0,0,0,1,0,0,0,1,0,0,0,1,1,0,0,1,0,0,0,0,0,1,0,0,0,0,0,0,1,0,0,1,0,1,1,0,0,10,1,0,1,1,1,0,1,0,0,0,0,1,1,0,1,0,0,0,0,0,1,0,1,1,1,1,1,1,0,0,0,0,1,0,1,0,0,1,0,0,1,1,1,0,1,1,0,1,20,0,0,0,1,1,1,1,0,0,0,0,0,1,1,1,0,1,1,0,1,0,0,1,1,1,1,0,0,0,0,0,0,0,1,1,1,0,0,1,0,1,1,1,1,1,1,1,0,31,1,1,0,0,0,1,1,1,0,1,0,0,0,0,1,1,0,0,0,1,1,0,0,0,0,0,0,1,1,1,1,1,0,1,0,0,0,0,0,1,1,0,0,1,0,1,1,0,41,0,1,1,1,1,1,1,0,0,0,1,0,0,1,1,1,0,0,1,0,1,1,1,1,1,0,0,0,1,0,1,1,1,0,1,1,0,0,0,0,0,1,1,0,0,0,1,0,51,0,0,1,0,0,0,1,0,0,0,0,1,0,0,1,0,1,1,1,1,1,1,0,1,1,1,0,1,0,0,1,0,0,1,0,1,1,0,0,1,1,0,0,1,1,0,0,0,61,0,1,1,1,1,1,0,1,1,0,0,1,0,0,0,0,1,1,0,1,1,0,0,1,1,0,0,0,0,1,1,0,1,1,0,0,1,0,0,0,0,1,1,1,0,0,1,0,70,1,1,0,1,1,0,1,0,0,0,1,0,1,1,0,1,0,0,1,1,1,1,1,1,0,1,1,1,0,1,0,0,1,1,1,0,1,0,0,1,0,0,0,1,1,1,0,0,80,0,1,1,0,0,1,1,1,0,1,1,0,1,1,0,0,0,0,1,0,1,0,1,1,1,0,1,1,0,0,0,0,1,1,1,0,1,0,0,0,1,0,1,1,1,1,1,0,90,0,0,0,0,0,1,1,0,1,1,0,1,0,0,0,1,0,0,0,1,1,0,1,0,1,0,1,1,0,0,0,0,0,1,0,1,0,1,0,1,0,0,0,0,1,1,1,0,01,1,0,0,0,1,0,0,1,1,0,1,0,0,1,1,0,1,0,0,0,0,0,0,0,0,0,0,0,0,0,1,1,1,0,1,1,0,1,1,1,0,1,1,0,1,1,0,0,11,1,1,1,1,1,1,1,1,0,0,1,0,0,0,1,0,1,0,0,1,1,1,0,1,1,1,0,0,0,0,1,1,1,0,1,0,0,0,0,0,0,0,0,1,1,1,1,1,21,1,1,1,1,1,0,1,0,0,1,0,0,1,0,0,0,0,1,0,1,1,0,0,0,1,1,0,1,1,1,0,0,1,1,0,0,0,0,1,0,1,0,0,1,0,1,1,0,30,0,0,0,1,0,0,1,0,0,1,1,1,0,0,1,0,1,1,1,0,1,0,1,1,1,1,0,1,0,0,1,1,1,1,0,1,0,0,0,0,1,0,0,0,0,1,1,0,40,1,1,0,1,1,1,1,1,0,0,0,0,0,1,0,1,1,0,0,0,1,1,1,1,0,1,1,1,0,0,0,0,0,1,1,0,1,0,0,0,0,0,0,1,1,0,1,0,51,1,1,0,0,1,0,0,0,1,0,0,0,0,0,1,1,1,0,0,1,0,1,1,1,1,1,0,0,0,0,0,0,0,0,1,1,0,0,0,1,0,1,1,1,1,0,1,0,61,1,1,1,1,1,0,0,0,1,0,1,1,1,0,0,0,0,1,0,1,0,0,0,1,0,0,0,0,1,0,0,0,1,0,1,0,0,0,0,0,1,0,0,0,1,0,1,0,70,0,0,1,1,1,0,0,0,0,0,1,0,1,0,0,0,0,0,0,1,1,1,1,1,1,1,1,1,0,0,1,1,0,1,1,0,0,0,0,1,0,1,1,0,1,0,1,0,81,0,1,1,1,1,0,1,0,0,0,0,0,1,1,0,0,0,0,0,1,1,1,1,1,1,1,1,1,1,1,0,0,0,1,1,0,0,0,0,0,0,0,0,0,0,1,1,0,90,0,1,1,1,0,0,0,0,0,0,0,1,0,1,1,0,0,1,1,1,0,0,1,1,1,0,1,1,0,1,1,0,0,0,0,1,0,0,1,1,1,0,0,0,0,1,0,0,00,0,0,0,0,1,1,1,1,1,0,0,0,0,0,1,1,0,0,0,0,0,0,0,1,0,0,1,0,0,1,1,0,1,0,0,1,0,1,0,0,0,0,1,1,1,1,1,0,10,1,1,1,1,1,0,1,0,0,0,0,0,1,1,0,1,0,0,0,1,0,0,0,0,0,1,0,1,0,0,1,0,0,1,1,1,0,0,1,0,0,1,1,0,0,0,1,1,20,1,0,1,0,1,0,0,1,0,1,0,0,1,1,0,0,1,0,0,1,0,0,0,1,0,1,0,0,0,0,0,1,1,1,1,0,0,0,1,1,1,1,0,0,1,1,1,0,31,1,1,0,0,0,0,0,0,0,0,1,1,1,1,1,1,1,1,1,0,1,1,0,0,0,1,1,1,1,1,1,1,1,1,0,0,1,0,0,1,0,0,0,0,0,0,1,0,40,1,0,1,1,1,0,0,1,1,0,0,1,0,1,0,0,1,0,0,1,0,1,1,1,1,0,0,0,0,0,0,1,0,0,0,1,1,1,0,0,0,0,1,1,0,0,1,0,50,1,1,0,1,0,0,1,0,0,1,0,0,1,0,0,1,0,1,1,0,1,0,0,1,0,1,0,1,0,1,0,0,0,1,0,0,1,0,1,0,1,0,0,0,1,1,1,0,60,1,0,1,1,1,1,1,0,0,0,0,1,0,0,0,0,0,1,0,1,1,1,0,1,0,0,1,0,0,1,1,0,0,0,1,0,0,0,0,0,0,1,0,0,1,0,1,0,71,0,0,1,1,1,0,0,0,0,0,1,1,1,1,0,0,0,1,1,1,0,1,1,1,1,1,1,1,1,1,0,0,1,1,1,0,0,0,1,0,0,0,0,0,1,1,1,0,80,1,1,0,1,1,1,1,0,1,0,0,0,1,1,0,0,0,0,0,0,0,1,1,1,1,1,1,0,1,0,1,0,0,1,0,1,0,0,0,0,1,1,1,1,1,1,1,0,90,0,1,1,1,0,0,0,0,0,1,0,0,0,1,0,1,0,0,1,1,1,1,0,0,0,0,1,1,0,0,0,0,1,1,0,1,0,1,0,1,1,0,0,0,1,0,1,0,00,1,1,0,0,0,1,0,0,1,1,0,0,0,0,1,0,0,1,0,0,0,0,1,1,0,0,1,0,0,0,1,0,1,0,0,0,0,1,0,0,0,0,1,1,1,0,1,0,11,1,1,0,1,0,0,0,0,0,0,1,0,0,0,0,0,0,0,0,1,0,1,1,0,0,0,0,1,0,0,1,0,0,0,0,1,1,0,0,0,0,0,1,0,1,1,1,1,21,1,0,1,1,1,0,0,1,0,0,1,0,1,0,0,0,0,0,0,1,0,1,1,1,1,1,0,1,0,0,0,0,0,0,1,0,0,0,1,0,1,0,1,1,1,0,1,0,31,1,0,0,1,1,0,0,0,1,1,1,1,0,1,0,0,0,0,1,0,0,0,1,0,1,1,0,0,0,1,0,1,1,0,0,0,0,0,0,0,0,1,0,0,0,0,0,0,41,1,0,1,1,1,1,0,0,0,0,0,0,1,1,0,0,0,0,0,0,1,0,0,0,1,1,0,0,0,1,0,0,0,1,1,0,0,0,1,1,1,0,1,1,0,1,0,0,51,1,0,0,0,1,0,0,1,0,0,1,0,0,1,0,0,0,0,0,0,1,0,1,1,1,1,0,0,0,0,1,1,0,0,1,0,0,0,0,0,1,0,0,1,1,1,1,0,61,1,1,0,0,1,1,0,0,0,0,0,0,0,0,1,0,1,1,0,0,0,0,1,1,0,1,0,0,0,1,0,1,0,0,0,0,1,1,0,0,0,0,1,1,0,0,0,0,70,1,0,0,1,1,0,1,1,1,0,0,0,1,1,0,1,0,0,1,1,0,0,1,1,1,1,0,0,0,0,0,0,0,1,0,0,0,0,0,0,1,0,1,1,1,1,1,0,80,0,1,1,1,1,0,1,1,0,0,0,0,0,0,0,1,1,0,0,0,1,0,1,0,0,1,1,0,0,0,1,0,0,1,1,0,0,0,0,0,0,0,1,1,0,0,0,0,90,1,1,1,0,0,1,1,0,0,0,0,1,0,1,0,0,0,0,0,0,0,0,1,0,1,0,0,1,0,0,1,0,1,1,0,0,0,0,0,1,0,1,0,1,1,1,1,0,01,0,0,0,0,0,0,1,0,1,1,0,1,1,1,0,0,1,0,0,1,1,0,1,1,0,0,0,0,1,0,1,0,1,0,1,0,0,1,0,0,1,1,1,1,1,1,0,0,10,0,1,1,1,1,1,0,0,1,1,1,1,1,1,0,0,0,1,1,1,0,1,1,1,1,1,0,1,0,1,0,0,1,0,0,0,0,0,1,1,0,0,0,1,0,1,0,1,21,1,1,1,1,0,0,0,0,0,0,0,0,1,0,0,0,0,0,0,1,1,0,0,1,1,0,0,0,1,0,0,1,1,1,1,1,0,1,0,1,0,0,1,1,1,1,1,0,30,0,1,0,0,1,0,0,1,0,1,0,0,1,1,1,0,0,0,0,0,1,0,1,1,1,1,0,1,1,0,0,1,1,1,0,0,0,1,0,1,0,1,0,1,0,1,0,0,41,0,1,1,0,1,0,1,0,1,0,0,0,0,1,1,0,0,0,0,1,1,0,1,1,0,1,0,1,1,0,1,1,0,1,1,0,1,0,0,1,1,0,0,1,1,1,1,0,50,1,0,1,1,1,0,1,0,1,1,0,0,0,0,0,1,1,1,0,0,1,1,1,0,1,1,1,0,0,0,1,0,1,0,1,1,1,0,1,0,0,0,1,1,1,1,1,0,61,1,0,1,1,1,1,1,0,0,0,0,1,0,0,0,1,0,0,0,0,0,1,0,1,0,0,0,1,0,1,0,0,0,1,0,0,0,0,1,1,1,0,0,1,0,0,1,0,70,0,0,1,1,1,0,1,0,0,0,0,0,1,1,0,0,0,0,1,1,0,1,1,1,0,1,0,1,1,1,0,0,0,0,1,0,1,0,0,1,1,0,1,1,0,1,1,0,80,1,1,1,1,1,0,0,1,0,0,0,1,0,1,0,0,0,0,0,1,0,1,1,0,1,1,1,0,0,0,0,0,0,1,1,1,0,0,1,0,0,0,1,1,1,0,1,0,91,0,1,1,1,1,0,0,1,0,1,0,1,0,0,1,1,0,0,1,1,1,0,1,0,0,0,1,1,0,0,1,0,1,0,1,0,0,1,0,1,1,0,0,1,1,0,0,0,00,0,1,1,0,0,0,0,0,0,1,0,0,1,0,0,0,0,1,0,1,1,1,0,1,0,0,0,1,0,0,1,0,0,0,0,0,0,0,0,0,0,0,1,1,1,1,0,0,10,1,0,0,1,0,0,0,0,0,0,0,1,0,0,0,1,0,1,1,1,1,1,1,1,0,1,1,1,0,0,0,0,0,0,1,1,0,0,1,1,1,0,1,1,1,1,0,1,20,1,1,0,0,0,1,0,0,0,1,0,1,0,0,0,1,1,1,0,0,0,1,1,1,1,1,0,0,1,1,0,0,0,0,1,0,0,0,1,0,1,0,0,1,1,1,0,0,31,1,0,1,1,0,0,1,0,0,0,0,1,0,1,0,0,0,0,1,0,1,0,0,1,1,1,0,1,1,1,1,0,1,1,0,0,0,0,1,1,0,0,0,1,1,0,1,0,41,1,0,1,0,1,1,1,0,0,0,0,0,1,1,0,0,0,0,0,0,1,1,1,0,1,1,0,0,1,1,1,1,1,1,1,0,1,1,1,1,1,1,1,0,1,1,0,0,51,1,1,1,1,1,1,1,0,0,0,0,1,1,0,0,0,0,1,1,0,1,1,1,0,1,1,0,1,1,0,1,1,0,0,1,0,1,0,0,0,0,0,0,1,1,1,0,0,61,1,0,1,1,1,1,0,0,0,1,0,0,1,0,0,0,0,1,0,0,0,0,0,1,1,1,0,0,1,0,1,0,0,0,1,0,1,1,1,0,1,0,0,0,1,1,1,0,70,0,1,1,1,1,1,1,0,0,0,0,0,1,0,0,0,0,0,1,1,1,1,0,1,0,1,1,1,0,1,0,0,1,1,0,0,0,1,0,0,0,0,1,1,1,1,0,0,80,1,1,1,1,1,0,1,0,1,0,1,1,1,1,0,0,0,0,1,1,0,1,0,1,0,1,0,1,0,1,0,0,0,1,1,0,0,1,1,1,1,1,1,1,1,1,1,0,90,0,1,0,0,1,1,0,1,0,1,1,0,0,0,0,0,0,0,1,1,1,0,0,0,0,0,1,1,0,0,0,0,0,0,0,0,0,1,0,1,0,0,0,1,1,1,0,0,01,1,0,1,0,0,1,0,0,0,1,1,0,0,0,1,0,1,0,1,0,0,0,0,1,1,0,0,0,0,0,1,0,1,0,0,0,0,1,1,0,0,0,1,0,1,1,1,0,11,1,0,1,1,0,0,1,0,1,0,1,0,0,0,0,0,0,0,1,1,1,1,0,1,1,1,0,0,1,1,0,0,0,0,1,0,0,0,0,0,1,0,1,0,0,1,1,1,21,1,0,1,1,1,0,1,1,0,1,0,0,0,1,0,0,0,0,0,1,0,1,0,1,1,1,0,0,0,1,1,1,0,0,1,1,0,0,0,1,1,0,0,1,1,1,0,0,31,0,1,1,1,1,1,0,0,0,0,1,1,1,1,1,0,1,0,1,1,1,0,0,0,1,1,1,0,1,0,0,1,1,1,0,0,0,1,0,0,0,0,1,0,0,0,1,0,41,1,1,1,1,1,1,1,0,0,1,0,0,0,1,1,0,0,0,0,0,1,1,1,1,1,1,1,1,0,1,0,1,0,1,1,0,0,1,0,1,1,0,0,0,0,1,0,0,51,0,1,1,0,1,0,0,1,0,0,1,1,1,1,0,0,0,0,0,1,0,1,1,1,0,1,0,1,0,0,0,0,0,0,1,1,0,0,1,0,1,1,0,1,1,1,0,0,60,0,0,0,1,1,1,1,0,0,0,0,1,0,0,1,1,0,0,0,0,0,0,1,1,0,0,0,0,1,0,0,0,1,0,0,0,1,1,0,0,0,0,0,0,0,1,0,0,70,0,0,0,0,1,0,1,1,0,1,0,0,1,1,0,0,0,0,0,0,1,0,1,1,1,1,0,1,0,0,1,0,0,0,1,1,0,0,0,0,1,1,1,1,0,0,0,0,80,0,1,0,1,1,0,1,1,0,1,0,0,1,0,0,1,0,0,1,1,0,1,1,0,1,1,0,1,1,0,0,0,0,1,1,1,1,0,1,1,1,1,0,1,1,1,1,0,91,1,1,1,1,1,1,0,1,0,0,0,0,0,1,1,0,0,0,0,0,1,1,1,1,1,1,1,1,0,0,1,0,0,0,0,1,0,0,0,0,0,0,0,0,1,1,0,0,00,0,1,1,0,1,1,0,0,0,1,1,0,0,1,0,0,0,1,0,1,1,0,0,0,1,1,0,0,0,0,0,0,0,0,0,0,0,1,0,0,0,0,0,0,0,1,1,0,11,0,0,0,1,0,1,0,1,0,0,0,0,0,0,1,0,1,1,0,1,1,1,1,0,1,1,0,1,0,0,1,0,0,1,1,0,1,0,0,1,0,0,0,0,0,0,1,1,20,0,1,1,1,1,1,1,0,1,0,0,0,0,0,0,0,0,0,0,1,1,1,1,1,1,0,0,1,1,0,0,1,0,0,1,0,1,0,0,0,1,0,1,1,1,0,1,0,30,0,1,1,0,0,0,1,1,0,1,1,0,0,1,0,0,0,1,0,1,1,1,0,1,0,1,0,1,0,1,1,1,1,0,1,0,0,1,1,1,0,0,1,0,1,1,1,0,41,1,0,0,1,0,1,1,0,0,0,0,1,0,1,1,0,0,1,1,1,0,1,1,1,0,1,0,1,0,0,0,0,0,1,1,0,0,1,1,1,0,0,1,0,1,1,1,0,51,1,1,0,1,0,1,1,0,1,0,0,0,1,1,0,1,1,0,0,0,1,1,0,1,1,1,0,1,1,0,0,0,0,1,1,0,0,0,0,0,0,0,1,1,1,1,1,0,60,1,1,1,0,1,1,1,0,0,0,0,0,1,0,1,0,0,1,0,0,1,0,0,0,0,0,0,0,1,1,1,1,0,1,1,0,1,0,0,0,1,0,0,0,1,0,1,0,71,0,1,1,0,0,1,1,0,0,0,0,0,0,1,0,0,0,1,0,1,1,1,1,1,1,1,1,0,1,1,0,0,1,1,1,0,0,1,0,0,0,0,1,0,1,1,1,0,80,0,1,0,1,0,0,1,1,0,1,1,0,1,0,0,1,0,0,1,1,0,1,0,1,1,1,0,1,0,0,1,0,0,0,0,0,0,0,1,1,1,0,1,0,0,0,1,0,90,1,0,1,1,0,1,0,0,0,0,0,1,0,0,1,0,1,0,0,1,0,1,1,0,0,1,1,1,0,0,0,0,1,1,0,1,0,0,0,0,1,1,1,0,0,1,1,0,00,0,0,1,0,0,1,0,1,0,1,0,1,1,0,0,0,1,1,0,1,0,0,0,1,1,1,0,0,1,0,0,1,0,0,0,0,0,1,1,0,0,1,0,1,1,1,1,0,11,1,1,0,1,1,1,1,0,1,0,0,1,1,1,0,0,1,0,0,1,0,1,1,1,0,1,0,1,1,0,0,1,0,1,0,0,0,1,0,0,1,1,1,1,1,1,0,1,20,1,1,0,1,0,0,1,0,1,1,1,0,1,0,0,0,1,0,1,1,0,1,1,0,1,1,1,0,0,1,0,0,0,0,1,0,1,0,1,0,1,0,0,1,1,1,1,0,31,1,0,1,1,0,0,0,1,0,0,0,1,0,1,1,1,0,0,1,0,1,0,0,0,0,0,0,1,1,0,1,0,0,0,0,0,0,0,0,1,0,0,0,0,0,0,1,0,41,1,1,0,1,1,1,0,0,0,0,0,0,0,1,1,0,1,0,1,0,1,1,1,1,1,1,0,0,0,1,0,0,0,0,1,0,1,0,0,0,0,1,1,0,1,1,1,0,51,1,1,1,0,1,0,1,1,0,0,0,1,0,0,0,0,0,0,0,1,1,1,0,1,0,1,1,1,0,0,0,0,0,0,0,0,0,0,0,1,0,0,1,1,1,1,0,0,60,0,1,0,1,0,0,1,0,1,0,1,1,1,0,0,0,1,1,0,1,0,0,0,1,1,0,0,1,0,1,0,0,1,0,0,0,1,0,1,1,1,0,0,1,1,0,0,0,70,1,0,1,0,0,1,1,0,1,0,0,1,1,1,0,0,1,0,0,1,1,1,0,1,1,0,0,1,0,0,0,1,1,1,1,0,1,0,1,0,0,0,0,1,1,1,0,0,80,1,0,1,0,1,0,0,0,0,0,0,1,0,1,0,1,0,0,0,0,0,1,0,1,1,1,1,0,1,0,1,1,0,0,0,0,0,0,0,0,1,0,1,0,0,0,1,0,90,1,1,1,1,1,0,0,1,1,1,1,0,0,1,1,0,0,1,0,1,0,0,0,0,0,0,0,1,0,1,0,1,0,1,0,1,1,0,0,0,1,1,0,1,1,1,0,0,00,0,0,1,0,0,0,1,0,1,1,0,0,0,1,1,1,1,0,0,1,0,1,0,1,0,0,1,0,0,1,1,1,0,0,0,0,0,0,0,0,1,1,1,1,0,1,1,0,10,0,0,1,1,0,0,1,1,0,0,1,1,0,0,1,0,0,1,1,1,0,0,0,1,1,1,1,0,0,0,0,1,1,1,0,0,0,0,0,1,1,1,1,1,1,0,0,1,21,0,0,0,1,0,0,0,0,0,0,0,0,1,0,1,0,1,1,0,0,0,1,1,1,0,1,0,1,1,0,1,0,0,1,1,0,0,1,0,0,0,0,1,1,1,1,1,0,31,0,0,0,0,0,0,1,0,1,0,0,0,0,1,0,0,0,1,1,0,1,0,0,1,0,1,1,1,1,1,1,1,0,1,0,1,0,1,0,1,0,0,0,0,0,0,1,0,41,0,1,1,0,1,0,1,0,0,0,0,0,0,0,0,1,0,0,1,1,1,1,1,1,1,1,1,0,0,0,0,0,0,0,1,0,1,0,0,0,1,1,1,1,0,0,0,0,50,1,1,1,1,1,0,1,0,1,1,0,1,1,1,0,0,0,0,1,0,1,0,0,1,0,1,0,1,0,0,0,0,1,0,1,0,0,0,1,1,1,1,1,1,1,0,0,0,60,1,1,1,1,0,0,1,0,0,1,0,1,0,0,0,0,0,1,1,1,0,0,0,1,0,0,0,0,0,1,0,0,0,1,0,0,0,0,0,0,0,0,0,1,0,0,1,0,70,0,1,1,1,0,1,1,0,0,0,0,0,1,1,0,1,1,0,0,1,1,1,1,0,1,1,0,1,0,0,1,0,1,0,1,1,0,0,1,1,1,0,1,0,1,1,0,0,80,1,1,0,1,1,0,0,0,1,0,0,1,1,1,1,0,0,0,0,1,1,1,1,1,1,1,0,0,0,0,0,0,1,1,1,1,1,0,0,0,1,1,1,1,0,0,1,0,90,0,0,0,0,0,1,0,1,0,0,0,1,1,0,0,0,1,0,0,1,0,1,0,0,0,1,1,1,0,0,1,1,0,1,0,1,1,0,1,1,0,0,1,0,1,1,0,0,01,1,1,0,1,1,0,1,1,1,1,0,1,0,1,0,1,1,0,0,0,1,0,0,1,1,0,1,0,0,1,1,0,0,0,0,1,0,1,1,0,1,0,1,0,1,1,1,0,10,1,0,1,0,1,0,0,0,1,1,0,0,0,0,0,0,0,1,0,0,0,1,1,1,1,0,0,1,0,0,0,1,0,0,1,0,1,1,0,0,0,0,1,1,1,1,1,1,21,1,1,1,1,1,0,1,0,0,0,0,0,1,0,0,0,0,0,0,1,0,1,1,1,1,1,1,1,1,1,0,0,1,1,0,1,0,0,1,0,0,1,0,1,1,1,1,0,30,1,0,1,0,0,0,0,0,0,1,0,1,0,0,0,0,0,1,1,1,1,1,0,0,0,0,0,1,0,1,0,0,1,1,0,1,0,1,1,1,0,0,0,0,0,0,1,0,41,1,1,1,1,1,1,0,0,0,0,0,1,0,0,1,0,0,1,0,1,1,1,1,1,1,1,0,0,1,1,1,0,0,0,1,1,0,0,0,0,1,0,1,1,1,0,1,0,51,1,0,1,0,1,1,1,1,1,1,1,1,1,0,0,0,1,0,0,0,1,0,0,0,1,1,1,1,0,0,1,1,0,1,1,0,1,0,0,1,0,0,0,0,1,1,1,0,61,1,1,1,1,1,0,1,1,1,0,1,0,0,0,0,0,0,0,0,1,0,0,1,1,0,0,0,1,0,0,0,1,0,0,0,0,1,0,1,1,0,1,0,1,1,1,0,0,70,1,1,1,0,1,0,0,0,1,0,1,0,1,1,0,1,0,0,0,1,0,1,1,1,1,1,0,1,0,0,0,0,1,1,0,0,0,1,0,0,0,0,1,1,0,1,1,0,80,0,0,1,0,1,0,1,0,0,0,0,0,1,1,1,1,1,0,0,1,1,1,1,0,1,1,0,1,1,0,0,1,0,1,0,0,1,0,1,0,0,0,1,0,1,0,1,0,9